0.53941554,0.79500455,-1.9960554E-4
0.41174883,0.7898818,-0.14767915
0.297318,0.75581086,-0.24646872
0.23246981,0.71863574,-0.3282614
0.24651094,0.68644,-0.39799172
0.35629642,0.6044906,-0.10055464
0.3380406,0.5206028,-0.19965282
0.3431714,0.5292289,-0.3052333
0.35604215,0.56602836,-0.36372644
0.44551876,0.5955702,-0.07729135
0.43079942,0.4979818,-0.1946107
0.43353024,0.5285312,-0.2981009
0.43575305,0.5738504,-0.34275773
0.534706,0.5996553,-0.073962495
0.52920187,0.51171786,-0.17384058
0.5290419,0.5424005,-0.2577153
0.52843916,0.5909199,-0.29061678
0.62981766,0.6146175,-0.07697978
0.63918555,0.54650533,-0.16172269
0.6255783,0.5590999,-0.22025731
0.6082229,0.59700215,-0.2408713
0.5481625,0.79554874,-2.104854E-4
0.41985768,0.7901334,-0.14854355
0.30297253,0.75796735,-0.25177413
0.23613977,0.7209903,-0.33777016
0.25328273,0.6871114,-0.4129341
0.36556262,0.60424113,-0.102415845
0.34758452,0.52165455,-0.20406137
0.35017836,0.5267662,-0.3166252
0.3625012,0.5622519,-0.3802957
0.4549429,0.5952394,-0.079178184
0.44087178,0.49822956,-0.19778055
0.44202977,0.52625537,-0.3064046
0.44521528,0.5713992,-0.35622987
0.5445692,0.5999709,-0.07595874
0.5408404,0.5129414,-0.17595261
0.5389714,0.5417963,-0.26432693
0.537996,0.59012175,-0.30102366
0.6401188,0.61579436,-0.07927206
0.6503871,0.54798055,-0.16466112
0.6357781,0.55835974,-0.2247232
0.61816525,0.59524125,-0.2469146
0.56384283,0.76521105,-5.198062E-5
0.45063427,0.76480126,-0.1457781
0.33912998,0.7404996,-0.24808125
0.27570194,0.70906067,-0.33682886
0.30091512,0.6745766,-0.41284177
0.3842702,0.6004669,-0.12622285
0.364516,0.52230394,-0.24448383
0.36595747,0.5321439,-0.35083246
0.37761733,0.567776,-0.40051666
0.4668287,0.59229505,-0.10479322
0.45220196,0.50458974,-0.24101318
0.45426568,0.5398514,-0.33853176
0.4571936,0.5826387,-0.37003055
0.55342877,0.59513813,-0.10156219
0.5464767,0.51604164,-0.2219057
0.5441551,0.5489981,-0.30193162
0.5408473,0.593515,-0.32147318
0.64630616,0.6063917,-0.10273056
0.6481714,0.5442306,-0.19847883
0.63291526,0.5598635,-0.25756028
0.6161097,0.59570074,-0.26932457
0.5763739,0.7727014,-1.0145703E-4
0.46371147,0.7701783,-0.13665675
0.35240152,0.7462109,-0.23266214
0.28550363,0.71572924,-0.31812552
0.2999562,0.68201643,-0.39026293
0.39841238,0.6106951,-0.12158778
0.37948564,0.5334141,-0.23726633
0.378064,0.5410159,-0.34320867
0.3868804,0.5746811,-0.39263782
0.47858435,0.6018305,-0.10389781
0.4663451,0.5148585,-0.2337538
0.46593285,0.5457563,-0.3268381
0.4677815,0.58688664,-0.35923344
0.56340736,0.6045028,-0.10412134
0.5574632,0.5251329,-0.21824527
0.55397207,0.5539671,-0.29440656
0.55063576,0.5970109,-0.31480783
0.65359294,0.6155406,-0.108744696
0.65796983,0.55233896,-0.19824131
0.6437011,0.56444925,-0.2554194
0.6270217,0.5981785,-0.26916143
0.5784879,0.77796984,-9.8871606E-5
0.46874067,0.7801447,-0.14306886
0.3561037,0.75493205,-0.2419492
0.29187703,0.7235314,-0.32834885
0.3165054,0.68954134,-0.40278563
0.40454602,0.61436903,-0.11265426
0.38359505,0.5363332,-0.23052369
0.38019884,0.5475078,-0.33920634
0.38966465,0.5827718,-0.39092883
0.4864456,0.6063237,-0.09132521
0.46970966,0.51897633,-0.22603975
0.46759933,0.5552466,-0.32265958
0.46970057,0.5976891,-0.35128242
0.5734992,0.609259,-0.08931264
0.5644925,0.52880037,-0.20623888
0.5586745,0.56286824,-0.28726098
0.55483526,0.60686815,-0.3062999
0.66691816,0.6202758,-0.09055669
0.6680486,0.5585543,-0.18269643
0.6521574,0.5750295,-0.24113247
0.6359952,0.6104104,-0.25308356
0.55623364,0.7659973,-1.00276964E-4
0.44397113,0.7662206,-0.14417416
0.33064094,0.74298894,-0.24962705
0.26082736,0.72073877,-0.3432505
0.28339294,0.6975515,-0.42300373
0.3875484,0.6015087,-0.14050297
0.3767188,0.5199634,-0.25997064
0.37365508,0.53525865,-0.35955995
0.37839264,0.573241,-0.40551406
0.46887144,0.5943188,-0.12183134
0.46402848,0.50326383,-0.25700936
0.45558602,0.53794986,-0.3465512
0.45291972,0.58010197,-0.37526408
0.5539917,0.5979996,-0.12167871
0.5522449,0.5162441,-0.23963657
0.54053366,0.5475825,-0.31355083
0.5346662,0.59174734,-0.33214575
0.64423907,0.61036897,-0.12547122
0.648768,0.5461832,-0.2236206
0.63127315,0.55907184,-0.28022352
0.6137836,0.59276444,-0.2938511
0.5575752,0.7666426,-1.2107877E-4
0.4472606,0.76538783,-0.14221194
0.33878174,0.7401922,-0.24440806
0.27132928,0.7182246,-0.33470076
0.28610903,0.69925594,-0.41310015
0.38971597,0.6025835,-0.13063046
0.37694222,0.5229744,-0.24291323
0.375429,0.5391255,-0.33867761
0.38095987,0.5756374,-0.3837842
0.47012538,0.5955593,-0.11054348
0.46303794,0.5041671,-0.24328275
0.45543924,0.5388478,-0.33263496
0.45321876,0.58037996,-0.36035034
0.5536192,0.5987034,-0.10898494
0.5501255,0.5159177,-0.22218524
0.5408542,0.54783547,-0.29285803
0.53770214,0.59173983,-0.31002256
0.641804,0.61071724,-0.111651205
0.64518976,0.5469054,-0.20426857
0.6296518,0.56104696,-0.25691926
0.61475825,0.5953753,-0.26905024
0.61670285,0.75981456,-1.7077767E-4
0.49835598,0.7542073,-0.06807173
0.37989232,0.7208072,-0.118089326
0.30303735,0.6938669,-0.16935475
0.31421608,0.668751,-0.20906763
0.45842108,0.5916562,-0.038704593
0.4549635,0.51230884,-0.123835936
0.423221,0.5303867,-0.20150849
0.4176492,0.5685281,-0.2394174
0.5297643,0.59082603,-0.047193926
0.52821267,0.49954376,-0.15025501
0.4918248,0.53749824,-0.2307008
0.48533246,0.5815796,-0.26494253
0.6047219,0.59745884,-0.06810545
0.60734975,0.5156242,-0.15704809
0.5699687,0.55396694,-0.20716965
0.55984783,0.6000632,-0.21781538
0.68117607,0.61240864,-0.08807232
0.6808541,0.5458746,-0.16248009
0.63940275,0.56531173,-0.19473717
0.6162882,0.60384405,-0.19840324
0.61985147,0.7655948,-2.2680279E-4
0.5209915,0.76343334,-0.16683297
0.42590994,0.7423378,-0.29837945
0.3904011,0.71859,-0.4140837
0.45366007,0.69702995,-0.5138647
0.46877784,0.6019279,-0.14570622
0.4638049,0.51851976,-0.26071852
0.47788686,0.53582984,-0.3591966
0.489595,0.5742026,-0.4036611
0.55121434,0.5945979,-0.123282924
0.5497533,0.5013313,-0.2501838
0.5624568,0.53455913,-0.3411023
0.5634469,0.5770467,-0.3688007
0.63209623,0.59866726,-0.12044495
0.6323174,0.51907563,-0.22484607
0.6387145,0.5498184,-0.2949282
0.6363608,0.5943979,-0.3127171
0.7196003,0.61083364,-0.1260653
0.71991205,0.5492526,-0.21180737
0.71311235,0.5609674,-0.26303002
0.7027696,0.5938691,-0.27450523
0.61772734,0.7643404,-2.2997262E-4
0.5137161,0.76423144,-0.17074557
0.41260654,0.74301326,-0.29947633
0.36981034,0.7198079,-0.41308054
0.4280042,0.69680035,-0.5111682
0.46240768,0.60149366,-0.14699028
0.45705417,0.51692665,-0.27015802
0.47093606,0.5358493,-0.3723557
0.48224723,0.5758537,-0.41786006
0.54606676,0.5945203,-0.122830346
0.5435898,0.5012586,-0.26083627
0.5570901,0.537875,-0.35440478
0.5589403,0.5807852,-0.3780144
0.62698764,0.59807783,-0.11953287
0.62557137,0.51681334,-0.23538393
0.63276714,0.54795796,-0.30818507
0.6311046,0.59322613,-0.32353893
0.7146211,0.6093529,-0.12547825
0.71499705,0.5472693,-0.21744905
0.7088921,0.55843055,-0.27225038
0.6987728,0.5907663,-0.28353623
0.62179637,0.7544505,-5.8546375E-5
0.5223445,0.7649475,-0.17407602
0.42041934,0.7477798,-0.31025547
0.37028372,0.7345455,-0.42913568
0.4085104,0.7245482,-0.5376577
0.47393674,0.6078263,-0.1998124
0.47109112,0.5287061,-0.34135282
0.47316346,0.55286944,-0.44789463
0.47746494,0.59321564,-0.49246207
0.5582099,0.60306734,-0.17900763
0.5596061,0.5191377,-0.34454742
0.55463266,0.5614517,-0.43178225
0.54808205,0.6022109,-0.45324767
0.64294255,0.6087733,-0.17890003
0.6459989,0.5318973,-0.32524028
0.63667995,0.568929,-0.39928263
0.6269504,0.61176836,-0.41235387
0.730726,0.62141883,-0.18185994
0.73893034,0.56006163,-0.29562262
0.72626233,0.57795143,-0.3517737
0.7078548,0.61096096,-0.3661023
0.6194776,0.7504561,-5.690356E-5
0.5193905,0.7572952,-0.17269596
0.419982,0.741815,-0.30594695
0.36797193,0.7281925,-0.42408344
0.39577234,0.71504414,-0.53471524
0.47246152,0.60440373,-0.19435191
0.4699461,0.5248672,-0.33979735
0.47383615,0.54612094,-0.45253298
0.47877315,0.5856524,-0.50135
0.556995,0.5992865,-0.17333925
0.55872107,0.5158328,-0.33750772
0.55668473,0.5572799,-0.42915452
0.55101097,0.599223,-0.45427507
0.64197177,0.60467184,-0.17248778
0.6459433,0.52858794,-0.31668696
0.638149,0.5636087,-0.39362863
0.6273577,0.60696673,-0.4086929
0.73002285,0.61702716,-0.17533658
0.73825175,0.5554981,-0.2897102
0.72583926,0.5710261,-0.34851688
0.706658,0.60420465,-0.36374238
0.6410549,0.7789414,-2.5798887E-4
0.5220827,0.7683189,-0.0972292
0.40434217,0.73602146,-0.16713415
0.3419414,0.69772553,-0.22977637
0.38184613,0.66598356,-0.27589577
0.486423,0.601343,-0.03480382
0.48163953,0.52351487,-0.1024432
0.47416437,0.52712435,-0.18120754
0.47752512,0.55934715,-0.22961277
0.5645424,0.5954621,-0.03016446
0.5614036,0.50366515,-0.12112167
0.5479578,0.5258998,-0.21256821
0.5444039,0.56965387,-0.2526535
0.6416886,0.60042197,-0.040044382
0.6432419,0.518228,-0.11652203
0.6303409,0.53893214,-0.18757708
0.6243835,0.58198607,-0.21667705
0.7235477,0.61476356,-0.055593755
0.73525095,0.5518851,-0.12421862
0.7130102,0.5539874,-0.17414927
0.69175434,0.58371294,-0.19438356
0.6779759,0.78631014,-1.1041353E-4
0.5630246,0.7893318,-0.13646848
0.4498633,0.7693672,-0.2405397
0.38668704,0.74358714,-0.33667383
0.42492712,0.71522796,-0.41843167
0.5113133,0.6266722,-0.10482328
0.5035291,0.54759806,-0.22327997
0.4874338,0.55610967,-0.33110857
0.48832452,0.5898906,-0.38295403
0.59139043,0.62092084,-0.09116756
0.58511615,0.53404856,-0.22909601
0.5693665,0.5696962,-0.3308212
0.5654674,0.61187387,-0.3610735
0.6749085,0.6267939,-0.09704258
0.67230856,0.5467026,-0.21885237
0.65419406,0.5782767,-0.30282003
0.6451673,0.6207962,-0.3213056
0.7646644,0.6409117,-0.104589164
0.7659205,0.5791259,-0.20175976
0.7441872,0.59066916,-0.2631278
0.7266081,0.62204933,-0.27662683
0.6814744,0.7879907,-1.6969933E-4
0.5686425,0.7910285,-0.13367589
0.4543857,0.76881325,-0.2328507
0.3890534,0.7425252,-0.32443127
0.42679298,0.7163187,-0.4031589
0.5137293,0.6275592,-0.09523865
0.50149685,0.55070657,-0.20554172
0.48744026,0.55782807,-0.3114604
0.49091092,0.59150124,-0.36620158
0.59399825,0.62199205,-0.08127324
0.5826625,0.53534186,-0.21142603
0.5692422,0.570786,-0.31432158
0.56722254,0.61464345,-0.34682223
0.6778703,0.6275611,-0.08523795
0.6713188,0.5471244,-0.19877379
0.6548278,0.57885593,-0.28124034
0.6474314,0.62254924,-0.30299383
0.7668301,0.64161116,-0.09172254
0.7660574,0.5810361,-0.1833579
0.743901,0.5932018,-0.24497572
0.7263759,0.62549067,-0.26138678
0.7037643,0.79503447,-1.9301604E-4
0.6007685,0.7922583,-0.16621079
0.50759095,0.76890147,-0.29504946
0.48239297,0.73999417,-0.4064573
0.5548109,0.71449614,-0.50331116
0.559108,0.6295455,-0.13962826
0.5478142,0.5444882,-0.2559507
0.5667526,0.54657406,-0.36226904
0.5820322,0.5828353,-0.41744336
0.6494302,0.6236087,-0.116525866
0.64885014,0.5286211,-0.24711823
0.6678312,0.5498686,-0.35187584
0.6681381,0.5945754,-0.38974947
0.7321015,0.6306628,-0.113108814
0.73541385,0.54935074,-0.22232322
0.74541384,0.56808597,-0.30457154
0.7404145,0.6113265,-0.32965603
0.81818503,0.6464152,-0.12052828
0.82968247,0.58562577,-0.21264622
0.8298007,0.58364356,-0.27731118
0.82098866,0.6094559,-0.29954645
0.6667099,0.7925847,-5.3308948E-5
0.55952543,0.79585314,-0.16245043
0.45365915,0.779129,-0.28800085
0.39627796,0.76672626,-0.40399748
0.42246193,0.7492446,-0.51275676
0.5015154,0.6367447,-0.15557855
0.47801268,0.5562362,-0.30878443
0.47081348,0.5803972,-0.42814687
0.47880533,0.622593,-0.47715712
0.5863139,0.63068974,-0.13934265
0.5727066,0.54482335,-0.3051817
0.5628432,0.59269303,-0.40617868
0.56034714,0.6373075,-0.4311713
0.67421913,0.63586485,-0.14692004
0.6681537,0.5582096,-0.2907759
0.65278906,0.6032504,-0.3739368
0.64346325,0.64993167,-0.38712767
0.76732683,0.6490577,-0.15746595
0.7651251,0.58958143,-0.26993474
0.7469863,0.61514294,-0.3298384
0.73077136,0.6522435,-0.3450697
0.66597617,0.7935362,-7.663386E-5
0.5579831,0.7988493,-0.15848841
0.45101172,0.780465,-0.28278726
0.396914,0.76643646,-0.39671317
0.43044585,0.7495906,-0.50382763
0.50452995,0.6389553,-0.1477542
0.48323074,0.55597234,-0.29578805
0.47119135,0.57855177,-0.41228488
0.4758902,0.6201621,-0.4605004
0.5888196,0.6325926,-0.13273188
0.57449603,0.54543674,-0.29342762
0.56197864,0.59215856,-0.38969004
0.55958194,0.6366994,-0.41313586
0.6772703,0.6376938,-0.14156827
0.66865057,0.5575891,-0.2836112
0.65197,0.60163635,-0.36534086
0.6430141,0.6483029,-0.37652746
0.77062476,0.65067524,-0.15195617
0.7673408,0.58925325,-0.26566216
0.7486129,0.61424047,-0.32413638
0.7327912,0.65150315,-0.33755445
0.7019982,0.82208985,-2.0280569E-4
0.57481,0.8168781,-0.09293185
0.45019102,0.7815473,-0.16291639
0.37511542,0.74962133,-0.2321163
0.4011517,0.7210589,-0.2936951
0.5296306,0.63856363,-0.05902295
0.5139294,0.5493289,-0.16139571
0.47490585,0.5599777,-0.26082548
0.46750307,0.59760374,-0.3133538
0.6125725,0.63633084,-0.064937755
0.6016459,0.5340711,-0.18596117
0.5602856,0.5712162,-0.28779596
0.55147797,0.619263,-0.32955065
0.6983234,0.644448,-0.08617549
0.6943571,0.55119604,-0.19455232
0.6538603,0.5858376,-0.26481736
0.64055836,0.6331214,-0.28354642
0.7884513,0.66181517,-0.10736407
0.7859231,0.5886502,-0.20432664
0.74108356,0.602534,-0.25701734
0.71276855,0.6395215,-0.2727204
0.69622666,0.81615806,-2.3789356E-4
0.561905,0.8033805,-0.07030632
0.43288654,0.76108956,-0.11453321
0.36932695,0.71034586,-0.15677795
0.41019052,0.6685476,-0.1806333
0.5169929,0.6279052,0.01712592
0.49272513,0.54574525,-0.032877788
0.4717524,0.5450724,-0.10894354
0.47418296,0.57681865,-0.16313073
0.5970444,0.61797994,0.014322066
0.57865334,0.5235894,-0.053180084
0.5540406,0.5407904,-0.15131171
0.5516273,0.5876891,-0.20198779
0.6772125,0.6201224,-2.3693527E-5
0.66508144,0.5353163,-0.05217507
0.64514446,0.54780966,-0.119835615
0.63959616,0.58944666,-0.1514469
0.7629397,0.6320891,-0.020676846
0.7649026,0.5642399,-0.06912167
0.73811436,0.5557286,-0.10951063
0.7156588,0.5806276,-0.12864172
0.7024078,0.8251773,-2.928021E-4
0.5788019,0.81236815,-0.12533623
0.46551877,0.7800958,-0.22427249
0.41546246,0.7395834,-0.31626076
0.4769083,0.7082188,-0.39285243
0.530086,0.6348074,-0.04072809
0.5177214,0.5496578,-0.12992485
0.5167369,0.55575776,-0.22761871
0.5268347,0.5911502,-0.2847277
0.6160011,0.62841725,-0.036195844
0.6032518,0.5280889,-0.14380461
0.59879816,0.5600579,-0.24836746
0.601023,0.6090141,-0.2864253
0.6993186,0.63289046,-0.049490713
0.6920906,0.54193276,-0.13857582
0.6870709,0.5704806,-0.21520036
0.6877344,0.618559,-0.23761764
0.79140127,0.6463297,-0.070882976
0.7957401,0.57713413,-0.1432993
0.777495,0.5833181,-0.19028048
0.76372665,0.6166797,-0.19919369
0.7090655,0.82521737,-2.9203846E-4
0.586514,0.81380033,-0.12366529
0.46953088,0.7797632,-0.22256052
0.42153364,0.7368967,-0.3108647
0.4896338,0.7049321,-0.38292494
0.5309524,0.63610995,-0.053671323
0.5148375,0.5479266,-0.14074324
0.516906,0.55780053,-0.23628578
0.52831674,0.59590703,-0.2901874
0.619782,0.6285274,-0.047178075
0.60514927,0.5285961,-0.14661372
0.6044303,0.5600403,-0.24495235
0.60714155,0.60837555,-0.28373244
0.70569545,0.6323636,-0.05769981
0.6961474,0.5417979,-0.14057289
0.6929723,0.5693549,-0.21092844
0.69227475,0.61728907,-0.23377948
0.79965174,0.64494973,-0.075698085
0.80091804,0.5761653,-0.14451866
0.7838265,0.5839902,-0.18905683
0.76993066,0.6189215,-0.19856799
0.7199656,0.81864905,-3.068284E-4
0.61136496,0.80362165,-0.12081125
0.50606453,0.7646894,-0.22142799
0.5103272,0.72216696,-0.3111554
0.6026186,0.6926517,-0.3805822
0.55735683,0.6305317,-0.052876502
0.54131454,0.54375446,-0.13850242
0.5555861,0.54995894,-0.22610587
0.5717953,0.5872703,-0.27398074
0.6472985,0.62234104,-0.052207913
0.63312113,0.52132833,-0.1507094
0.64094853,0.544434,-0.24826014
0.6452044,0.5929836,-0.28484678
0.7302203,0.6271302,-0.065216266
0.7245306,0.5388279,-0.14726438
0.7275911,0.56248164,-0.21594958
0.72695386,0.6097939,-0.23657139
0.8192102,0.64193934,-0.08967545
0.8242978,0.576334,-0.15631974
0.8123351,0.5799158,-0.19884454
0.7993964,0.612784,-0.20439917
0.68851316,0.8046167,-1.8604762E-4
0.571655,0.80035734,-0.11016488
0.45676124,0.76373506,-0.18334192
0.39157355,0.728735,-0.25122043
0.4182459,0.7002778,-0.30880457
0.5381836,0.6275068,-0.10043563
0.5261116,0.54479253,-0.20976865
0.5026362,0.5528611,-0.30752552
0.49937505,0.5896088,-0.35818782
0.62482315,0.6260462,-0.095860526
0.6276392,0.5307545,-0.22610526
0.59864783,0.5645659,-0.32265377
0.58731884,0.611922,-0.3554767
0.7134384,0.6371232,-0.10910216
0.7237004,0.5489402,-0.22919038
0.69362104,0.57786036,-0.3045426
0.674137,0.62236154,-0.3234395
0.8040839,0.65864456,-0.12350065
0.8251662,0.59022367,-0.22376113
0.7925666,0.5961552,-0.28524882
0.7586994,0.6271866,-0.30447564
0.69432396,0.8053613,-1.9279434E-4
0.57665926,0.8013904,-0.10808547
0.45910072,0.76531404,-0.1801223
0.3923262,0.7295766,-0.24691139
0.42328525,0.7004171,-0.30271217
0.54048693,0.6283936,-0.08959538
0.5271636,0.5459766,-0.19626616
0.50283813,0.5525149,-0.29515025
0.49998713,0.5883915,-0.3480263
0.6270662,0.6262744,-0.08582966
0.62739503,0.5311436,-0.21327431
0.5986106,0.5645979,-0.3119581
0.5888565,0.6117564,-0.34674203
0.71565694,0.6367293,-0.1001644
0.7238662,0.5492101,-0.2173872
0.6944128,0.5783837,-0.29208133
0.67647254,0.6226385,-0.31090885
0.8071646,0.65759426,-0.115788564
0.82659775,0.58964777,-0.21397112
0.7939831,0.59677434,-0.27423853
0.76128215,0.6284833,-0.2923344
0.7089476,0.8065413,-1.10606175E-4
0.5897505,0.80628186,-0.122866936
0.4688987,0.78140295,-0.21214363
0.38787574,0.76061445,-0.29778877
0.38117456,0.7389098,-0.37619174
0.5364951,0.6383172,-0.11843308
0.5273428,0.5515619,-0.24668032
0.5105647,0.5721582,-0.34953725
0.50898045,0.612479,-0.39222562
0.6214222,0.63452417,-0.11177624
0.6181509,0.5401877,-0.25738135
0.59604734,0.5831535,-0.35099792
0.58760774,0.62856233,-0.37697488
0.7109597,0.64025193,-0.12290479
0.7128297,0.5526266,-0.25569695
0.6870932,0.5915036,-0.3328073
0.67299926,0.6392229,-0.34805575
0.8048535,0.65475315,-0.13523012
0.814092,0.586415,-0.24542427
0.7873477,0.6042801,-0.30616406
0.763273,0.64132375,-0.31984517
0.7155606,0.8190075,-1.3880672E-4
0.5917081,0.8203619,-0.11735365
0.4692428,0.79337263,-0.20189092
0.39061338,0.7705924,-0.283142
0.3952559,0.749609,-0.35586178
0.5504901,0.6507531,-0.092342444
0.5299899,0.56224227,-0.23106037
0.50878906,0.58746886,-0.3413232
0.509694,0.63125294,-0.3855928
0.6363636,0.64726776,-0.09215215
0.621155,0.54997677,-0.24735305
0.594207,0.5951933,-0.34688973
0.588373,0.64146954,-0.37173152
0.7255483,0.65413827,-0.11319439
0.72167695,0.5644779,-0.2517943
0.6921307,0.6064113,-0.33346015
0.67969203,0.6543927,-0.3477293
0.81829643,0.6698661,-0.1357907
0.8226535,0.60244435,-0.25190872
0.7960951,0.622918,-0.3191014
0.77630055,0.65829945,-0.33834487
0.63229305,0.6210233,-1.2981497E-4
0.5502897,0.5997054,-0.04897147
0.50317353,0.5429528,-0.08581588
0.5280877,0.5001283,-0.12127545
0.5858965,0.49688083,-0.1427895
0.5638369,0.47889566,0.005850662
0.5696096,0.42010722,-0.055979677
0.54013103,0.44137338,-0.10713302
0.53360057,0.47140196,-0.12513642
0.61746496,0.481491,-0.00783714
0.6288511,0.41537315,-0.070584044
0.5917831,0.43978974,-0.12344621
0.58401406,0.47237194,-0.14650586
0.66884613,0.4906221,-0.033995867
0.6879881,0.42887455,-0.090701215
0.6468488,0.4536468,-0.119890966
0.6341976,0.48723125,-0.120024465
0.7238498,0.50635195,-0.064433716
0.7366025,0.45424604,-0.1090777
0.69908786,0.46316433,-0.121195406
0.67855114,0.4888475,-0.11716046
0.6313899,0.618325,-1.3797043E-4
0.54864943,0.59871006,-0.044354822
0.5026781,0.5418033,-0.08046615
0.52968246,0.49976328,-0.11683784
0.58804315,0.49830893,-0.13863131
0.56299275,0.4758109,0.009279054
0.5691438,0.41672412,-0.052102156
0.53815514,0.43888184,-0.10230806
0.53032523,0.47041467,-0.12053981
0.6169838,0.47824758,-0.0055143544
0.6280613,0.4129876,-0.06463693
0.5910885,0.43662518,-0.118865825
0.58271253,0.4699679,-0.14451033
0.6679056,0.48717147,-0.032766998
0.6864989,0.42675847,-0.08412768
0.6442773,0.45055246,-0.11315106
0.630476,0.48435506,-0.11654173
0.7230511,0.5030404,-0.064309254
0.7362095,0.4509367,-0.10599876
0.6977936,0.45989633,-0.119353175
0.6758172,0.48661318,-0.11818153
0.6547498,0.6194075,-1.3137083E-4
0.5627204,0.59872395,-0.059515353
0.5026244,0.54149646,-0.105561554
0.52132857,0.49539775,-0.14511484
0.5850218,0.49697253,-0.16935033
0.5787904,0.46823022,-0.012767649
0.5976297,0.40511486,-0.068348184
0.57201576,0.42891935,-0.11091505
0.56151044,0.4626381,-0.12633838
0.63961506,0.47137442,-0.022778802
0.66453594,0.39983386,-0.07983672
0.6323376,0.42619535,-0.12656954
0.620762,0.4615953,-0.15007366
0.69567686,0.48167884,-0.044246767
0.7245554,0.41757554,-0.08985388
0.6907296,0.44130877,-0.11374478
0.6751925,0.47454277,-0.11847587
0.75580245,0.49964342,-0.07059537
0.77451116,0.4476481,-0.11053374
0.7421496,0.45603013,-0.12467035
0.71951294,0.48147234,-0.12789553
0.6654693,0.6284741,-1.6115837E-4
0.56823266,0.6060147,-0.034013778
0.5036348,0.54824543,-0.064427935
0.4999212,0.49652487,-0.09498082
0.55563265,0.48680565,-0.11357643
0.58202684,0.47658944,0.031963587
0.5861626,0.41681647,-0.0045449696
0.5538473,0.43180978,-0.05435502
0.5442833,0.46155515,-0.087068245
0.6406728,0.4744207,0.017333938
0.65652794,0.4038185,-0.013498078
0.6193344,0.4181352,-0.0726882
0.61000335,0.45290837,-0.113592125
0.69604397,0.48095417,-0.0069657206
0.7179104,0.4164215,-0.028485818
0.6814711,0.42878368,-0.057982225
0.66794026,0.45964706,-0.07237539
0.75383246,0.49530816,-0.036366906
0.7731444,0.44194978,-0.057440042
0.7434859,0.44203243,-0.06827666
0.7228031,0.46494004,-0.07558734
0.6651436,0.62957364,-1.7218608E-4
0.5680016,0.60519534,-0.032072432
0.5055907,0.5462618,-0.0606311
0.5042951,0.49508807,-0.0903361
0.5599001,0.4865629,-0.109517485
0.5855553,0.47562033,0.038161047
0.59532493,0.4159563,-1.9945164E-5
0.5622283,0.42744765,-0.05415379
0.5500354,0.45538697,-0.09175365
0.64411044,0.4747219,0.020098537
0.6613493,0.40480083,-0.0147622675
0.62265736,0.41669708,-0.07925346
0.6109207,0.4509521,-0.12571342
0.6991259,0.48190203,-0.007895338
0.72218984,0.41733706,-0.03423945
0.6843027,0.4283811,-0.06886156
0.6687312,0.45940128,-0.08767614
0.7563342,0.4967068,-0.040997732
0.7751448,0.44228208,-0.06750574
0.7442743,0.44225556,-0.08271161
0.7219854,0.46592915,-0.09461983
0.68212736,0.63328046,-1.7212308E-4
0.5840433,0.6068782,-0.021282164
0.52439886,0.5477499,-0.0423073
0.52509797,0.4956295,-0.06644201
0.58371925,0.48878115,-0.07947617
0.604533,0.48071888,0.07109161
0.613024,0.424021,0.038718384
0.5819731,0.4403088,-0.011365778
0.571686,0.46776414,-0.04551634
0.6613656,0.47851935,0.051201306
0.6799207,0.41111052,0.022324944
0.6421754,0.42705396,-0.04316252
0.6303093,0.46016872,-0.08796829
0.7146098,0.4841265,0.021698272
0.73992085,0.42173678,0.0023712558
0.70314056,0.4345184,-0.030926153
0.6876402,0.46348286,-0.04913929
0.76943296,0.4974302,-0.012814958
0.79195774,0.44501427,-0.030483866
0.76203406,0.4458446,-0.04158747
0.7390801,0.46860066,-0.049206223
0.68008417,0.6351516,-1.7512619E-4
0.58201027,0.60901237,-0.02099767
0.5209168,0.5492599,-0.04150851
0.52319014,0.49608314,-0.06441323
0.584796,0.4884902,-0.07566952
0.6016484,0.4824894,0.07173497
0.60952187,0.42701137,0.039650943
0.5796438,0.4429676,-0.010881359
0.5702346,0.46956265,-0.045412138
0.65931743,0.47985607,0.052319072
0.67781854,0.412737,0.023106312
0.6410456,0.4283154,-0.042008244
0.62941945,0.46052122,-0.086514615
0.7128136,0.48523498,0.023280941
0.7389104,0.42298377,0.0025167596
0.70330036,0.43582553,-0.031613387
0.6882329,0.46450213,-0.049949832
0.7682355,0.49850574,-0.0108037675
0.79132956,0.44617376,-0.028504727
0.76217496,0.44713506,-0.03989744
0.7393968,0.4696314,-0.048075292
0.66817015,0.6197404,-2.9506447E-5
0.5807382,0.6079347,-0.08740375
0.50787663,0.5636034,-0.16532244
0.50214535,0.53035283,-0.23519796
0.55809194,0.53343225,-0.29586196
0.56498986,0.4841296,-0.1065983
0.5596999,0.4227852,-0.20683919
0.5399856,0.45622993,-0.26542118
0.5386657,0.49272862,-0.28483334
0.6323453,0.48479337,-0.11518008
0.63993686,0.41522974,-0.22171134
0.6136372,0.44971836,-0.27297196
0.60671216,0.4833398,-0.28814688
0.6982963,0.49392027,-0.13897271
0.71747726,0.4302973,-0.22333014
0.68949336,0.46150994,-0.25562635
0.6765089,0.49448735,-0.2589062
0.7663071,0.5116386,-0.16756652
0.7871629,0.4616143,-0.23054695
0.7594502,0.47569993,-0.26029214
0.73785037,0.5011196,-0.27127343
0.66579807,0.6211111,-3.3189404E-5
0.5793918,0.60881543,-0.08145981
0.5041913,0.5642484,-0.15750968
0.50006944,0.53112984,-0.22577126
0.5598896,0.5358107,-0.28615645
0.5637269,0.48677796,-0.10285333
0.55613756,0.42578247,-0.20060615
0.5366252,0.4593626,-0.25819835
0.5359303,0.49559435,-0.279155
0.6308337,0.48714334,-0.1136561
0.6371974,0.41748792,-0.21798721
0.60954833,0.45181686,-0.2673203
0.60198945,0.48548195,-0.28465644
0.69698924,0.49622715,-0.13899432
0.7160817,0.43242663,-0.22188045
0.6862665,0.46357748,-0.252971
0.67242724,0.49696982,-0.25761598
0.765443,0.51383376,-0.1691701
0.7865759,0.46419674,-0.23102543
0.7571122,0.47885925,-0.26069993
0.7340847,0.50476533,-0.27528915
0.69628406,0.6092951,-2.0310972E-5
0.60853827,0.60071707,-0.09687971
0.5290484,0.5645703,-0.18363306
0.51638806,0.53767455,-0.2580629
0.5738387,0.54046094,-0.32063422
0.5818219,0.48673856,-0.14104518
0.5678978,0.42797977,-0.25851882
0.55474174,0.46586153,-0.31929126
0.55471617,0.5010696,-0.33879256
0.6502138,0.48663464,-0.14714082
0.6537334,0.4214112,-0.2768551
0.6314531,0.4633641,-0.32477427
0.62251896,0.49514562,-0.33340237
0.71843296,0.49483958,-0.16749942
0.7299807,0.4340151,-0.2761385
0.7020967,0.47293264,-0.3125868
0.6873489,0.506615,-0.31301248
0.786459,0.51122504,-0.19226688
0.80230993,0.46592885,-0.27266133
0.7755638,0.48895398,-0.30941832
0.7535103,0.5155442,-0.32533988
0.7136461,0.61251265,-2.0069328E-5
0.62704754,0.6038765,-0.10260603
0.54319334,0.5696065,-0.19812141
0.53170156,0.5458678,-0.27845204
0.590156,0.5519016,-0.3425578
0.59260863,0.4950216,-0.1630523
0.5773821,0.4382569,-0.28059304
0.56863356,0.47789994,-0.32865295
0.57090425,0.511927,-0.33917505
0.66091037,0.49311003,-0.1696109
0.6621482,0.43053263,-0.30712646
0.64657784,0.4763523,-0.34579617
0.6419711,0.5066367,-0.34275922
0.73033434,0.49998608,-0.18854609
0.7383384,0.44137582,-0.2987706
0.7160522,0.48467422,-0.3239179
0.7056127,0.51850945,-0.31657988
0.7988113,0.5157541,-0.21383652
0.8133143,0.4711024,-0.2912294
0.79205644,0.49740908,-0.32646585
0.77345604,0.5241343,-0.3415838
0.71165,0.607753,-5.0749582E-5
0.627327,0.6021812,-0.11927929
0.5452677,0.5697551,-0.21934488
0.5351998,0.54608285,-0.3036356
0.59805346,0.55075973,-0.37505654
0.5975297,0.48804915,-0.1707877
0.5855293,0.43263426,-0.30784863
0.5776706,0.47654778,-0.3760966
0.5774803,0.51279193,-0.39326468
0.6687474,0.486732,-0.1696569
0.6717046,0.42827344,-0.3201952
0.6553783,0.4764038,-0.37076408
0.64662665,0.5068896,-0.37300447
0.7398745,0.49448264,-0.18476343
0.75091326,0.44011763,-0.31050098
0.7271398,0.48510996,-0.34691942
0.7128799,0.5185644,-0.34166735
0.80873823,0.5114903,-0.20509237
0.82507575,0.4730333,-0.29516262
0.8008645,0.49998417,-0.33236885
0.77811104,0.52585816,-0.34200665
0.72020984,0.6396267,-1.4397132E-4
0.6240714,0.61983556,-0.02297191
0.55319524,0.5673754,-0.05167281
0.5358434,0.5208305,-0.08561508
0.58405644,0.50718975,-0.113632575
0.6185614,0.49188536,0.025654836
0.6249366,0.43070626,-0.017504668
0.5885999,0.44272923,-0.06798831
0.5764851,0.46958116,-0.09986638
0.67344856,0.49124795,0.0036798525
0.6889549,0.4201505,-0.039206095
0.64669997,0.43751138,-0.09768902
0.6368389,0.4717964,-0.13433287
0.72768855,0.4980896,-0.026769333
0.74860394,0.4324933,-0.056577995
0.7076805,0.44746062,-0.08786922
0.69430774,0.47877944,-0.10220426
0.7834464,0.51233643,-0.05980862
0.7961013,0.45798168,-0.08929733
0.7622965,0.4611919,-0.10321782
0.74256575,0.48434132,-0.11213072
0.72885317,0.6343298,-1.6805645E-4
0.6342761,0.6148719,-0.03511055
0.55725944,0.5627079,-0.06722699
0.53781164,0.51425755,-0.101455174
0.59114534,0.5014022,-0.124053046
0.62650245,0.48638687,0.024912547
0.6286412,0.4235496,-0.017775606
0.5968526,0.4370461,-0.07243584
0.58808625,0.46638998,-0.10807035
0.6860854,0.4843242,0.007474243
0.696697,0.41110745,-0.03467624
0.66007614,0.4253966,-0.09654417
0.65260476,0.46049204,-0.13770339
0.7441109,0.48993498,-0.02027378
0.7606152,0.4234215,-0.050576083
0.72452676,0.4360468,-0.083487235
0.71156293,0.46765903,-0.09989841
0.80573654,0.50264627,-0.051898442
0.8179807,0.44823125,-0.08321866
0.7863743,0.45008165,-0.10076758
0.7663697,0.47411394,-0.112990126
0.7288316,0.63579226,-1.5454467E-4
0.6331557,0.61666083,-0.038864404
0.5561292,0.5642674,-0.07208571
0.53798294,0.5153276,-0.10744042
0.5933249,0.5020237,-0.13036045
0.6255573,0.48768604,0.027323097
0.6291785,0.42573807,-0.01586712
0.5978794,0.43806446,-0.07266799
0.5887088,0.4666745,-0.10982443
0.6855425,0.4853785,0.011309097
0.69686925,0.41219288,-0.031954337
0.6606858,0.42589042,-0.0965711
0.6530524,0.46078902,-0.1391888
0.7435737,0.49100557,-0.015290941
0.760712,0.42442665,-0.047831252
0.7252575,0.43687516,-0.08256246
0.7124298,0.46835,-0.099778555
0.8051942,0.50411,-0.045976765
0.8180615,0.44997612,-0.079079054
0.7872121,0.45142055,-0.097814426
0.7675577,0.47492838,-0.10996795
0.73091084,0.636551,-1.5836838E-4
0.6350895,0.6169197,-0.03769871
0.5579351,0.565269,-0.07145892
0.53826505,0.51691794,-0.106942
0.5917944,0.50293314,-0.12977625
0.62558734,0.48886326,0.02346359
0.62709963,0.42655617,-0.020266796
0.5960158,0.43938044,-0.077454954
0.5878184,0.46839333,-0.114971906
0.68572354,0.48626128,0.0068656495
0.6946609,0.41323453,-0.034551486
0.6587323,0.4265151,-0.09817713
0.65153134,0.46142894,-0.14034696
0.7441529,0.4915793,-0.020010646
0.75883424,0.42519215,-0.05080269
0.7239621,0.4370229,-0.08447638
0.71167487,0.46831775,-0.10111412
0.8061518,0.50444657,-0.051093344
0.8172228,0.4499322,-0.08256679
0.7862677,0.45174238,-0.0996862
0.76674813,0.47570327,-0.11108151
0.747763,0.63219243,-8.464534E-5
0.6595053,0.6143786,-0.08924066
0.58215606,0.56616956,-0.15631004
0.599208,0.5216816,-0.21020634
0.67798567,0.50728565,-0.24055211
0.6433569,0.482334,-0.06794617
0.6327033,0.41751814,-0.1380795
0.6309216,0.43609107,-0.19242457
0.6363981,0.47269475,-0.2190089
0.71462077,0.47829485,-0.07009972
0.7186279,0.4033749,-0.14166209
0.71026206,0.42380616,-0.19784077
0.70588046,0.4629203,-0.22517529
0.77773905,0.48539373,-0.08526543
0.7905056,0.42118117,-0.1480769
0.77795124,0.4402438,-0.18601964
0.768131,0.4761916,-0.20023617
0.8440108,0.50189006,-0.10688325
0.8592312,0.45183295,-0.16085753
0.84279203,0.45441285,-0.18985075
0.8255923,0.47784343,-0.2002012
0.7602162,0.60699034,-1.3217452E-4
0.6678213,0.57899344,-0.03311948
0.61282057,0.519275,-0.0530913
0.63709795,0.46984372,-0.07422754
0.7006647,0.46736017,-0.08116196
0.6748742,0.4572554,0.03941651
0.6753966,0.4012995,5.463216E-4
0.6506524,0.42318112,-0.04405207
0.6494465,0.45235667,-0.06667721
0.73184925,0.45634326,0.023429707
0.73881006,0.3897397,-0.018232351
0.7076321,0.41197908,-0.078856714
0.7044457,0.4465826,-0.11641402
0.7868181,0.4628383,-0.0034879823
0.80190825,0.40150738,-0.03771749
0.7670672,0.4231097,-0.06580631
0.75830644,0.45665085,-0.07482514
0.8478321,0.47558692,-0.03503933
0.860845,0.4227606,-0.057449255
0.8279432,0.42646223,-0.0658691
0.808191,0.45083618,-0.06459497
0.8138092,0.60002077,-1.07103144E-4
0.72714686,0.5664413,-0.043573834
0.683802,0.5053156,-0.06689449
0.73583215,0.45530456,-0.09276094
0.8086051,0.45040023,-0.094488844
0.7202987,0.46212634,0.08359215
0.70681006,0.4114943,0.020364856
0.6944661,0.44422057,-0.023389708
0.7023579,0.46817678,-0.027513405
0.77824646,0.45724273,0.072785266
0.78238475,0.39949057,-0.0057720174
0.7594169,0.43600613,-0.056602996
0.75934666,0.46310487,-0.05383144
0.83532315,0.46132708,0.044598687
0.8477393,0.4049505,-0.02497564
0.81747156,0.44053027,-0.049543876
0.8136648,0.46978647,-0.028255643
0.8969374,0.47096437,0.010241927
0.9071268,0.42151347,-0.01507162
0.8772191,0.4333574,-0.009788987
0.86561596,0.45635587,0.018409396
0.8134673,0.59983325,-1.11640315E-4
0.72552246,0.5658677,-0.045106634
0.68154675,0.5035525,-0.0680956
0.7348799,0.45379153,-0.09446348
0.8094424,0.45187074,-0.09547124
0.72045064,0.46165663,0.084232256
0.7087966,0.41069013,0.017963236
0.69674325,0.44508377,-0.025270164
0.7042627,0.46879476,-0.024860172
0.7788044,0.45772576,0.074724875
0.7833602,0.40036523,-0.009251964
0.76041853,0.43895176,-0.060162928
0.7608715,0.4656019,-0.05309107
0.83615035,0.46192634,0.047606584
0.8481325,0.40541035,-0.026571346
0.81768674,0.44249487,-0.049428016
0.81448185,0.47194114,-0.023504646
0.8974103,0.4713015,0.013950075
0.9085963,0.42128158,-0.011312467
0.87806606,0.43343648,-0.003338398
0.8659499,0.456274,0.02856404
0.820722,0.6007172,-8.988706E-5
0.7335906,0.5665293,-0.04470929
0.6876981,0.5047951,-0.06827697
0.73885167,0.45559996,-0.09619076
0.8138666,0.45520455,-0.09655493
0.7249418,0.46198002,0.08418683
0.7116729,0.412484,0.01720214
0.70243734,0.44872627,-0.024370765
0.711474,0.47094545,-0.02042645
0.7816933,0.45774847,0.07307391
0.7845222,0.40216073,-0.014818699
0.7636042,0.4427499,-0.065902576
0.7648423,0.46895626,-0.05629529
0.83919495,0.46130806,0.044108484
0.84830177,0.4051514,-0.034264155
0.81919837,0.4446306,-0.05521861
0.8172984,0.47460654,-0.025567798
0.90118164,0.4698974,0.008897183
0.90965766,0.41921085,-0.017324215
0.8782496,0.43404186,-0.007845978
0.86598444,0.45861065,0.026893621
0.7935719,0.60816646,-1.0877082E-4
0.6990524,0.5788653,-0.030450111
0.6430366,0.52132666,-0.05046734
0.6546113,0.47228736,-0.07208253
0.711848,0.46781313,-0.07928752
0.7162115,0.4568918,0.055380583
0.7172858,0.40133327,0.017368386
0.69005024,0.4272257,-0.027426781
0.68740094,0.4570752,-0.050800547
0.771901,0.4560567,0.039081603
0.78272295,0.38901132,-0.0013323228
0.7479122,0.41799104,-0.062174898
0.7432617,0.45402938,-0.09775368
0.82588315,0.46196842,0.010977763
0.8438643,0.39925194,-0.020200618
0.8067527,0.4249993,-0.04819973
0.7975806,0.4598944,-0.05808272
0.8856858,0.47411823,-0.021192206
0.9013483,0.420643,-0.03931872
0.86712956,0.42696702,-0.049330376
0.84715563,0.45348778,-0.05044133
0.80187637,0.6082167,-1.0885708E-4
0.7061972,0.57884616,-0.035772204
0.6471643,0.52019155,-0.055433653
0.66364694,0.47130972,-0.07720721
0.7249836,0.46938995,-0.08160447
0.7206621,0.45633465,0.052739333
0.72085375,0.40289593,0.009652621
0.69565403,0.43037796,-0.038843755
0.69451356,0.46051562,-0.06349911
0.7772092,0.45508197,0.03648743
0.78629327,0.38884282,-0.009442276
0.7532126,0.41851372,-0.07184963
0.74912745,0.45460257,-0.106763765
0.83209103,0.4605971,0.0069827777
0.84899443,0.3979625,-0.031229528
0.8138176,0.4244463,-0.05767073
0.8057522,0.45917574,-0.062906764
0.89372647,0.47276503,-0.02700143
0.9081857,0.41890672,-0.04814133
0.8744885,0.42626137,-0.05550205
0.855794,0.45268342,-0.052267972
0.73213303,0.6055799,-1.7013466E-4
0.6410347,0.5830134,-0.04379208
0.5782678,0.52690446,-0.063149616
0.6047131,0.4809003,-0.0797473
0.673079,0.47921324,-0.07832267
0.63319963,0.45904642,0.028759453
0.63370895,0.39794683,-0.01659192
0.60974616,0.4154217,-0.06620557
0.6072153,0.4454046,-0.09258578
0.69221663,0.4566212,0.018744467
0.69710165,0.38707668,-0.027484851
0.6664712,0.40741628,-0.09017268
0.66201913,0.44313866,-0.12711848
0.7483061,0.4606758,-0.0036398785
0.7607042,0.3974448,-0.042231794
0.7275286,0.41730043,-0.073798284
0.7176867,0.45095438,-0.08477505
0.8098315,0.4712265,-0.03155095
0.81942254,0.41906738,-0.057714924
0.78800696,0.42379743,-0.06903337
0.7698914,0.44872022,-0.06897689
0.7269509,0.6058861,-1.2903995E-4
0.6362742,0.5829966,-0.045770667
0.576751,0.5264268,-0.071407124
0.60259026,0.48101115,-0.09619612
0.66906136,0.48096216,-0.10669586
0.62617105,0.45945182,0.023526805
0.62086535,0.40024135,-0.029660594
0.5986536,0.4167365,-0.084752336
0.59738874,0.44722715,-0.11434612
0.687287,0.455511,0.013363503
0.69135404,0.38703546,-0.03364826
0.6622619,0.40450656,-0.0955572
0.65702325,0.44007775,-0.1324724
0.7447535,0.4597559,-0.010778618
0.758571,0.3972773,-0.053374507
0.7262304,0.41621488,-0.08830967
0.7152208,0.44980097,-0.10176431
0.80806327,0.47159493,-0.03956461
0.8197971,0.4197671,-0.070393465
0.7899569,0.42407876,-0.08602689
0.7707393,0.4481428,-0.089743145
0.74718404,0.6112613,-1.4352209E-4
0.6511722,0.5863949,-0.04801994
0.5750474,0.5317799,-0.08804155
0.5583279,0.47880095,-0.12857264
0.6146975,0.46167976,-0.15340683
0.6443605,0.46002114,0.015863422
0.63934326,0.40044227,-0.035808384
0.6142665,0.42414385,-0.092819095
0.61160696,0.45512915,-0.12695722
0.70605165,0.45648077,0.0018083539
0.71101,0.38323063,-0.05128211
0.6812167,0.4095262,-0.11847026
0.67814076,0.44583273,-0.15961187
0.765644,0.4603527,-0.024236979
0.77567005,0.3921329,-0.06309631
0.7468309,0.41508564,-0.09567522
0.7407912,0.44912052,-0.10935461
0.83036023,0.47109938,-0.05488443
0.8408366,0.41559467,-0.083692044
0.8113067,0.42188126,-0.10032508
0.7946419,0.4477737,-0.10667161
0.74764055,0.610359,-1.4569669E-4
0.65049446,0.58613646,-0.047502533
0.5759951,0.53099865,-0.08854238
0.5608512,0.4783311,-0.13027133
0.6146967,0.4603781,-0.15827623
0.6432168,0.45916113,0.009682934
0.63754654,0.399256,-0.040410936
0.61352974,0.42259192,-0.097295016
0.6112632,0.45379165,-0.13317741
0.7053177,0.45558628,-0.004390949
0.7082355,0.3824036,-0.056018263
0.678933,0.40763304,-0.121148385
0.6760332,0.4440888,-0.16260779
0.76500356,0.45948455,-0.03035033
0.7740897,0.39178807,-0.06761154
0.74560344,0.41406736,-0.09909336
0.7391307,0.44817054,-0.11346956
0.82970554,0.4705695,-0.060667466
0.8395721,0.415745,-0.08997452
0.8103166,0.4221688,-0.106292255
0.7932837,0.44778237,-0.11368538
0.5106052,0.6701224,-1.9092803E-4
0.398948,0.6541678,-0.10405358
0.29400647,0.62063783,-0.19305827
0.24377929,0.5825124,-0.2714431
0.29775506,0.5641924,-0.33048594
0.39595357,0.49693066,-0.068133205
0.40245444,0.42612147,-0.14706543
0.3922357,0.435548,-0.22942597
0.39301443,0.47053963,-0.27651823
0.47297657,0.496354,-0.06402858
0.48456484,0.40955913,-0.15539333
0.46582943,0.43206075,-0.2439523
0.4596741,0.4725452,-0.29553145
0.54568386,0.5066496,-0.07355454
0.56049246,0.4286273,-0.15215974
0.5376271,0.45336753,-0.21340117
0.52752084,0.49597308,-0.24121828
0.62238234,0.52642775,-0.08676496
0.6364027,0.46658275,-0.1549452
0.60823804,0.47497448,-0.1986092
0.5848545,0.5048808,-0.21802184
0.5164418,0.6689142,-2.213459E-4
0.40569913,0.65486175,-0.117879964
0.3001804,0.6228132,-0.2144496
0.24745569,0.58664304,-0.29865378
0.29949272,0.5672371,-0.36306876
0.3960522,0.4963601,-0.08636182
0.4012061,0.42497376,-0.17390895
0.39191574,0.43571013,-0.26092365
0.3926862,0.47139257,-0.30900273
0.47369292,0.49556556,-0.07900469
0.4869746,0.4088415,-0.17944476
0.4689667,0.43308052,-0.27142757
0.46129006,0.47419313,-0.32180396
0.54735094,0.5055687,-0.08662108
0.5639459,0.4285532,-0.17213246
0.54159415,0.4537473,-0.23863886
0.529155,0.49648333,-0.2678991
0.6240561,0.525107,-0.09864512
0.6398716,0.4671015,-0.17062728
0.614277,0.47506654,-0.21948004
0.5904206,0.50454533,-0.24189737
0.5107434,0.66855526,-1.9762568E-4
0.40147278,0.65367365,-0.107552424
0.29789788,0.61964065,-0.19715098
0.24831116,0.5824489,-0.2757068
0.3050502,0.5660463,-0.3353371
0.39726967,0.4958608,-0.072315164
0.4018087,0.42347366,-0.15246709
0.39184317,0.4340894,-0.23282613
0.3925374,0.469664,-0.27737993
0.47480747,0.49561483,-0.06760254
0.4861202,0.4083213,-0.16124737
0.46793866,0.4320114,-0.24855204
0.4602637,0.4732549,-0.2964897
0.5482882,0.5058501,-0.07712944
0.56233525,0.42824155,-0.15851632
0.54006,0.45348486,-0.21870218
0.52837455,0.4961902,-0.24348547
0.62491953,0.5254527,-0.090624355
0.6390188,0.46583515,-0.16102389
0.6118643,0.47444153,-0.2054688
0.58775115,0.5050871,-0.22450544
0.5374427,0.63584024,-4.5949157E-5
0.439246,0.6386894,-0.1317232
0.3311496,0.61792576,-0.23268433
0.27172732,0.59657574,-0.32145402
0.30280966,0.58294964,-0.3924339
0.39657703,0.48998225,-0.13777985
0.3929415,0.4212504,-0.25159913
0.39324117,0.44058233,-0.3345715
0.39730233,0.47672883,-0.37190354
0.4718578,0.4844803,-0.12612997
0.46460566,0.4073422,-0.2553302
0.45961484,0.44447196,-0.32931286
0.45844612,0.48382396,-0.35423368
0.54918885,0.48897964,-0.1324812
0.5477253,0.41975692,-0.24524769
0.53569293,0.45641795,-0.3039495
0.5287361,0.49859864,-0.31730473
0.6310302,0.5027852,-0.14162475
0.63181174,0.44998294,-0.23277254
0.6137894,0.47192916,-0.27932066
0.59649265,0.5053733,-0.29399973
0.57494074,0.635985,-1.6288555E-4
0.4680495,0.6222854,-0.077118926
0.36031252,0.5870608,-0.1404185
0.2905318,0.5604765,-0.19903566
0.3069287,0.55157053,-0.24269848
0.44121093,0.47587618,-0.07658246
0.44160652,0.40389338,-0.15795407
0.41219687,0.4157247,-0.22563033
0.40520936,0.44771767,-0.26373196
0.5121401,0.47675112,-0.084752314
0.5122009,0.39128163,-0.1819818
0.47595483,0.415969,-0.25886947
0.46809635,0.45486304,-0.30175427
0.5840964,0.486536,-0.103896156
0.5893593,0.4078789,-0.18546115
0.5510236,0.4371501,-0.22788838
0.5392483,0.4788431,-0.24255958
0.6578736,0.50518954,-0.12343363
0.65960085,0.44317204,-0.19467282
0.6180844,0.4587738,-0.22775325
0.5935741,0.4916597,-0.24125308
0.5401094,0.6287774,-8.496364E-5
0.43768597,0.61060584,-0.08284264
0.34242272,0.569743,-0.14711323
0.3490479,0.53465766,-0.19887987
0.4407938,0.5214017,-0.21734239
0.44219154,0.46002358,-0.012997549
0.43717295,0.3946103,-0.06155174
0.43756923,0.39109403,-0.12547699
0.4429656,0.41888246,-0.17228241
0.519093,0.45806998,-0.011948262
0.52383435,0.38132775,-0.071778454
0.5178273,0.38758546,-0.15759374
0.509306,0.42560294,-0.20763442
0.5873217,0.467327,-0.021121372
0.59372556,0.40100434,-0.069473036
0.586231,0.4068961,-0.13389204
0.5760555,0.44101447,-0.1656808
0.65835744,0.4862997,-0.041207608
0.6692508,0.43468165,-0.0845196
0.65736127,0.42621118,-0.12298928
0.63866305,0.4457643,-0.13856022
0.5302065,0.6176225,-1.8198755E-4
0.42368418,0.5966562,-0.062257282
0.3376371,0.54971474,-0.11088346
0.32715458,0.5041076,-0.15423222
0.4022318,0.49132636,-0.17881124
0.43009257,0.44718212,0.02967813
0.43442956,0.38299134,-0.006946915
0.4223258,0.37467498,-0.077841036
0.41881448,0.39869732,-0.13456926
0.5026587,0.44498524,0.024428345
0.51188546,0.36822662,-0.016143879
0.49206102,0.36889866,-0.09733411
0.48022562,0.4054448,-0.15091294
0.56992173,0.45370382,0.0068845996
0.5818212,0.38353324,-0.023673235
0.56359345,0.38599387,-0.08152957
0.55103356,0.41973808,-0.11293209
0.64192253,0.47112495,-0.019065063
0.6533964,0.4155777,-0.054040696
0.632422,0.4095502,-0.08978031
0.6107421,0.43229654,-0.106588215
0.5506805,0.6203319,-1.3022141E-4
0.45160052,0.6153511,-0.12607123
0.34998983,0.58945984,-0.22840755
0.30272213,0.56326956,-0.31772253
0.35538054,0.5519371,-0.3841215
0.4303104,0.4646081,-0.1358318
0.43469533,0.39288014,-0.23833106
0.4304134,0.41329816,-0.31344974
0.431313,0.45014328,-0.34498733
0.5048968,0.46278328,-0.12792914
0.51150334,0.3796924,-0.24699026
0.49824503,0.41271865,-0.3208664
0.49206182,0.45179805,-0.3519985
0.5793529,0.4709848,-0.13582352
0.5887056,0.39786,-0.23759869
0.57012475,0.42964825,-0.29184118
0.560179,0.4705278,-0.3060165
0.65706086,0.48786914,-0.1467054
0.6647247,0.4280689,-0.23188657
0.64027643,0.4428946,-0.27583078
0.619521,0.4742213,-0.28912112
0.55045277,0.6133833,-4.4289518E-5
0.4599363,0.6139947,-0.1492889
0.36804268,0.5976861,-0.27098522
0.31545576,0.58303714,-0.3818023
0.33245826,0.57603264,-0.48349044
0.423885,0.4729232,-0.17568088
0.42497218,0.40080807,-0.3070623
0.4273648,0.42096412,-0.40257448
0.4284227,0.457739,-0.44433174
0.5012483,0.46942186,-0.16014795
0.50473934,0.3917306,-0.3093586
0.49973378,0.43343624,-0.38535878
0.49157816,0.4740585,-0.40413147
0.5782777,0.4760927,-0.16335262
0.585892,0.40571782,-0.28570816
0.57339555,0.4433086,-0.35050702
0.5600027,0.48537397,-0.36367425
0.65620726,0.49162376,-0.17011492
0.6630636,0.4387751,-0.26838386
0.64621127,0.45971993,-0.32181504
0.6255273,0.49157554,-0.33878314
0.54738206,0.6461855,-1.4559612E-4
0.435398,0.63612175,-0.10544546
0.3288352,0.5986218,-0.1967181
0.31579983,0.5600332,-0.2772719
0.4024257,0.5498137,-0.32890728
0.41909492,0.47552612,-0.072317235
0.418948,0.39939073,-0.16647577
0.41183937,0.4237497,-0.23534474
0.41597572,0.4620571,-0.265089
0.4983872,0.47393718,-0.075617746
0.500793,0.38496098,-0.18422635
0.4865731,0.42279702,-0.25713593
0.48457617,0.46610734,-0.2829753
0.57510656,0.48203716,-0.093326196
0.58249223,0.40279636,-0.18555939
0.5618595,0.437778,-0.23512201
0.55457073,0.48129338,-0.24282774
0.65843326,0.49922073,-0.11801927
0.66242874,0.43711478,-0.1888453
0.6340794,0.45307213,-0.2239334
0.61417913,0.4876383,-0.22782253
0.5791975,0.63845396,-1.3049909E-4
0.44498745,0.63324285,-0.17242198
0.30398703,0.6014468,-0.31568813
0.23469022,0.5674492,-0.4443288
0.29988104,0.5466445,-0.54606926
0.39962706,0.42840156,-0.1709102
0.38920027,0.33729473,-0.32518145
0.38295323,0.3506698,-0.45670024
0.38766655,0.39653754,-0.52446073
0.5041864,0.42042282,-0.16427103
0.50447404,0.307554,-0.3346401
0.48792842,0.34595317,-0.45506465
0.4817316,0.4005663,-0.51059693
0.60978043,0.4299028,-0.18068011
0.61898005,0.32647458,-0.33243388
0.59398854,0.36661732,-0.42335504
0.58039993,0.42439598,-0.4504352
0.7214689,0.4525047,-0.2004573
0.7312373,0.37019184,-0.31910744
0.6951158,0.38975984,-0.3834579
0.66330194,0.4359954,-0.4051656
0.6062403,0.6298953,-6.450945E-5
0.46441746,0.6424298,-0.22966515
0.31168985,0.6188783,-0.41626438
0.22096525,0.59991443,-0.5810845
0.23408641,0.58989716,-0.7302449
0.36992723,0.41879907,-0.2825292
0.3345209,0.32387358,-0.52471894
0.32982832,0.34878853,-0.7193542
0.33820146,0.40213934,-0.8158086
0.49291083,0.4037645,-0.269107
0.47309598,0.29513144,-0.51861507
0.46107915,0.3591219,-0.6743747
0.4503292,0.42256808,-0.7338248
0.6205764,0.41407672,-0.2850356
0.6199072,0.31252217,-0.49724546
0.5947319,0.38219264,-0.62193245
0.56971383,0.44883925,-0.6586105
0.74635196,0.4424071,-0.305273
0.7459152,0.37474295,-0.47489497
0.7181759,0.41877183,-0.55714786
0.68390584,0.46727926,-0.59036595
0.5637189,0.64794886,-8.462411E-5
0.42740047,0.63356245,-0.1898895
0.2878551,0.5846051,-0.34395972
0.28048196,0.54339886,-0.47034726
0.4066042,0.52025276,-0.5543299
0.43087804,0.40720823,-0.16178493
0.43586162,0.3029524,-0.29070896
0.42997792,0.3018546,-0.4180318
0.43060982,0.34753427,-0.49959573
0.54783684,0.40568423,-0.14602466
0.56447065,0.28803355,-0.29306015
0.55059445,0.31045845,-0.4361441
0.532496,0.3700709,-0.51684093
0.6532934,0.42080012,-0.15224251
0.6708386,0.31668648,-0.2705964
0.6516471,0.33495295,-0.3788145
0.62831295,0.3908605,-0.43121773
0.7645692,0.44894838,-0.17029755
0.7832217,0.36660308,-0.27347273
0.7612225,0.3612103,-0.34773633
0.73184204,0.39456874,-0.38481477
0.59001136,0.62937474,-1.3863185E-4
0.47181186,0.6406412,-0.28115544
0.35308227,0.6275259,-0.5006543
0.3102606,0.61705834,-0.6847374
0.36305183,0.61157465,-0.8467898
0.41587102,0.4355887,-0.34823054
0.41857636,0.34614876,-0.5890414
0.45477796,0.37388894,-0.7795644
0.47570068,0.4266631,-0.86776966
0.53538096,0.42125458,-0.3037943
0.549384,0.32303548,-0.5582953
0.584724,0.38699275,-0.70780635
0.5896584,0.44945303,-0.7643109
0.64798033,0.4279342,-0.28493345
0.6758663,0.34569782,-0.4933161
0.6957273,0.40482518,-0.6108875
0.68446684,0.46671098,-0.645428
0.7558219,0.44604018,-0.2791601
0.78302634,0.3868919,-0.44228
0.7823663,0.423948,-0.5232523
0.7554864,0.4702961,-0.5438928
0.5845512,0.6282353,-1.4155329E-4
0.46884948,0.6412705,-0.27927157
0.35016996,0.63039374,-0.49644336
0.30825627,0.6213008,-0.6787697
0.36198568,0.6142075,-0.8419744
0.41478395,0.4369609,-0.33751625
0.4113889,0.3456125,-0.57981646
0.4399135,0.37407246,-0.7704342
0.45957708,0.42871898,-0.85703206
0.5359399,0.4227068,-0.29237688
0.5503703,0.32176542,-0.54499876
0.5799194,0.38409165,-0.69495195
0.5839049,0.4462828,-0.74910754
0.6488718,0.42987433,-0.27460778
0.6786533,0.3441328,-0.48225656
0.6928555,0.40162325,-0.6020612
0.6786933,0.46319088,-0.63531786
0.75612175,0.4484996,-0.26947373
0.78241724,0.3887651,-0.43268532
0.77950513,0.42493194,-0.51545745
0.75160253,0.4698844,-0.53715175
0.49804243,0.63452053,-1.1017381E-4
0.41938525,0.62074506,-0.07639992
0.35417014,0.5934195,-0.1383662
0.342217,0.565631,-0.19130412
0.39874578,0.55540454,-0.22870576
0.428865,0.50973713,-0.046955522
0.43930617,0.45774838,-0.10586893
0.43339306,0.4646494,-0.1654991
0.43177488,0.48899317,-0.19925281
0.48385862,0.5105947,-0.0439767
0.49697918,0.45168665,-0.107663475
0.4847097,0.46835154,-0.1731125
0.47496897,0.49683315,-0.21020117
0.53413534,0.51830333,-0.049923744
0.54656583,0.46519908,-0.103826456
0.5311763,0.48229373,-0.1539152
0.52003473,0.5125083,-0.17674059
0.5878668,0.5327247,-0.06092498
0.5942193,0.4906654,-0.10678776
0.5751994,0.49570432,-0.14148815
0.5575047,0.5175334,-0.15792456
0.5511135,0.6168432,-1.1344937E-4
0.46971226,0.606044,-0.07389113
0.39608735,0.5802492,-0.14040282
0.35450423,0.5602941,-0.20105647
0.3781326,0.5530524,-0.2525566
0.4693011,0.49567991,-0.081307895
0.48557144,0.4458926,-0.16470349
0.4647612,0.45749995,-0.22626686
0.45496792,0.48201364,-0.25357008
0.52353954,0.49901584,-0.08289393
0.53638136,0.4434434,-0.17473374
0.50763714,0.47236228,-0.22876753
0.49661103,0.49973738,-0.24959344
0.5787382,0.5098477,-0.095974416
0.59280807,0.4600301,-0.17139688
0.5594792,0.4904622,-0.20608626
0.546255,0.5181605,-0.2136143
0.6336668,0.5277507,-0.10964331
0.6392809,0.49046582,-0.16573028
0.60762084,0.5094452,-0.18943974
0.5896349,0.5307079,-0.19704707
0.5486263,0.6205636,-6.712239E-5
0.46319178,0.60912305,-0.08580555
0.38995987,0.577215,-0.15130621
0.38536987,0.5461173,-0.20520699
0.45408228,0.53245014,-0.24040876
0.4648959,0.48529592,-0.046278108
0.46341613,0.4289442,-0.104192965
0.46773836,0.42982996,-0.1641757
0.47307616,0.4541681,-0.20209509
0.5291068,0.48309624,-0.039473437
0.53490543,0.42013547,-0.10575758
0.533714,0.43070194,-0.18138656
0.52727586,0.4616633,-0.22472295
0.58683777,0.49013495,-0.043078598
0.5927699,0.43426108,-0.0983735
0.58775085,0.44521567,-0.1557141
0.5800003,0.47618264,-0.18266161
0.64816123,0.5049406,-0.054022912
0.6531043,0.4589812,-0.10360209
0.6405632,0.4566177,-0.14308457
0.62562674,0.47599715,-0.16155025
0.56097454,0.6029256,-4.5007106E-5
0.4805173,0.6006029,-0.13912581
0.4086147,0.58045715,-0.2492098
0.41171193,0.5637823,-0.3423546
0.4773367,0.5507883,-0.41051435
0.4625916,0.47113925,-0.14251944
0.46402603,0.40474784,-0.2508839
0.47526005,0.41935623,-0.32952204
0.48116222,0.45302275,-0.36514303
0.53280795,0.46761733,-0.124713786
0.5418349,0.39660293,-0.24778749
0.54791325,0.42708758,-0.32327232
0.5407606,0.46322644,-0.34726608
0.59674203,0.47382087,-0.122978225
0.6057838,0.41184437,-0.22031073
0.60449415,0.43776488,-0.2814722
0.59481096,0.47379515,-0.29750463
0.6620101,0.48835814,-0.13127065
0.6679548,0.44204018,-0.20853181
0.65971,0.4515972,-0.25827467
0.64529735,0.47605833,-0.27443084
0.5614707,0.60164016,-4.1023115E-5
0.4811246,0.5993409,-0.14166613
0.40947592,0.57948047,-0.25343558
0.41354424,0.56360966,-0.34834874
0.4801426,0.55192375,-0.41900927
0.4627441,0.46927872,-0.14625202
0.46462762,0.40085,-0.2559133
0.47641167,0.41757378,-0.33169863
0.48289374,0.45209205,-0.36199206
0.5335461,0.46631142,-0.12665217
0.54426783,0.39528432,-0.2543929
0.55030954,0.4268728,-0.32836917
0.5420278,0.46282658,-0.34955922
0.5974769,0.47237566,-0.12394727
0.6076503,0.41107693,-0.22618064
0.6063581,0.4370503,-0.28780505
0.595961,0.47295168,-0.3027553
0.66249067,0.48614436,-0.1310731
0.6707394,0.44029453,-0.21187018
0.6628816,0.44987983,-0.26355287
0.64781684,0.47392246,-0.28055498
0.63413185,0.6420177,-2.3666067E-5
0.52518594,0.64042497,-0.15697187
0.411654,0.61234236,-0.27963102
0.34860688,0.5899044,-0.38661623
0.38208425,0.5851863,-0.47319382
0.50181955,0.46789205,-0.17657328
0.5063741,0.3896879,-0.30587927
0.503549,0.4116112,-0.40128708
0.50364685,0.45313433,-0.44639575
0.5901941,0.4649316,-0.16407074
0.5973265,0.37219006,-0.31233066
0.5848932,0.40960917,-0.40153235
0.57659554,0.4530319,-0.4350414
0.67785454,0.47381067,-0.16942295
0.689994,0.39153242,-0.29728207
0.67183673,0.4295061,-0.35973728
0.65937316,0.4761436,-0.3750403
0.76835406,0.49325618,-0.17904744
0.7811067,0.42946517,-0.2798702
0.75935245,0.44835478,-0.3288976
0.7352902,0.4827492,-0.34520113
0.6467927,0.6593213,-1.2933355E-4
0.5299394,0.644044,-0.13445888
0.4170644,0.60994166,-0.24409464
0.36548924,0.5734477,-0.34114945
0.42561823,0.5599177,-0.41555867
0.5190125,0.46495014,-0.09655692
0.5193069,0.3874501,-0.19012047
0.512208,0.39273676,-0.29278183
0.51645726,0.42970186,-0.35726726
0.6069412,0.4603095,-0.089256674
0.6160567,0.3633925,-0.19203793
0.59751827,0.37607905,-0.30295533
0.58802897,0.42037207,-0.37027133
0.6909522,0.4705557,-0.100283004
0.70187175,0.3831476,-0.19125642
0.68018043,0.40140706,-0.26531017
0.66872287,0.4483288,-0.30147344
0.78029394,0.49292463,-0.11867174
0.7956369,0.42394406,-0.19181922
0.771387,0.4221461,-0.24058366
0.746535,0.44976923,-0.2641123
0.62590086,0.64365065,-2.9978853E-5
0.50850683,0.63962734,-0.14319338
0.39701682,0.6138102,-0.2586889
0.3185503,0.5926011,-0.3646542
0.3016962,0.5782408,-0.4649725
0.45761874,0.465241,-0.16836691
0.4481223,0.38459483,-0.31030697
0.42482525,0.39631107,-0.4359682
0.42279053,0.43404886,-0.50469536
0.5508039,0.46010676,-0.16297734
0.54393804,0.36172825,-0.31304502
0.5072259,0.39365047,-0.43141147
0.4937026,0.44049895,-0.4912529
0.6469989,0.47056302,-0.17553253
0.6513702,0.37959424,-0.31048584
0.61166006,0.41719982,-0.3989268
0.591707,0.46690175,-0.4308317
0.74495935,0.4925189,-0.18840586
0.75023615,0.42077705,-0.30526605
0.7089856,0.43955263,-0.3706324
0.67494637,0.47936416,-0.3981805
0.5711581,0.6685424,-6.935143E-5
0.45881164,0.6563628,-0.16983855
0.34663743,0.61803615,-0.3109087
0.3565508,0.5884935,-0.42786428
0.4637012,0.5685712,-0.5035014
0.45607767,0.46569636,-0.14431426
0.46126986,0.3749053,-0.2625343
0.4691872,0.38119364,-0.3716158
0.47537547,0.42270735,-0.43536076
0.5547301,0.46418524,-0.12738886
0.56943053,0.3619574,-0.26017043
0.567015,0.3838108,-0.37968522
0.555622,0.4340856,-0.441584
0.6418478,0.47529054,-0.12869683
0.6572572,0.38652292,-0.23344105
0.6465702,0.40607572,-0.32384118
0.6303378,0.45514974,-0.36531156
0.7330087,0.49671993,-0.14135738
0.74600327,0.42764995,-0.22755617
0.73213136,0.42587438,-0.28656632
0.7117193,0.4569285,-0.30974633
0.5717784,0.67019224,-6.162637E-5
0.45768106,0.65659785,-0.15282455
0.34404218,0.6138185,-0.27815446
0.36575845,0.5826138,-0.3798158
0.47907007,0.56537396,-0.43662328
0.45397383,0.4663719,-0.11790895
0.45645452,0.3761432,-0.22520672
0.46532273,0.38229424,-0.32170966
0.4727326,0.42268673,-0.3779412
0.55212885,0.46403623,-0.10352132
0.56375086,0.36270577,-0.2251475
0.56162953,0.3855636,-0.33558324
0.551166,0.43567663,-0.3921786
0.6383718,0.4740138,-0.10568768
0.65222454,0.38566998,-0.20223215
0.6411734,0.40699434,-0.28292182
0.6260809,0.45593008,-0.31961906
0.72842145,0.49459404,-0.11917472
0.74056935,0.42663372,-0.19458719
0.72614944,0.42561042,-0.2452827
0.70583737,0.45561805,-0.2617241
0.58498275,0.6637627,-2.261939E-4
0.45350438,0.6409787,-0.0961408
0.33868888,0.59022427,-0.17068821
0.3039581,0.54115486,-0.23746635
0.38334608,0.52397263,-0.28591937
0.4674909,0.4519044,4.5360904E-4
0.47977304,0.3728733,-0.059879024
0.46238267,0.36572266,-0.15812995
0.45567155,0.39695078,-0.23240206
0.5589618,0.45145977,0.0010773484
0.5777596,0.3532949,-0.073379
0.5485466,0.36197987,-0.18056749
0.53111655,0.40877578,-0.24786301
0.64298767,0.4645657,-0.0146943545
0.66194594,0.37390953,-0.072860934
0.6348267,0.3821261,-0.14626716
0.6182542,0.4238566,-0.1847816
0.7309483,0.48950702,-0.038945153
0.7490318,0.41714856,-0.097507514
0.71965003,0.40953013,-0.14236726
0.68952954,0.43524933,-0.16563416
0.6164119,0.6238989,-9.758495E-5
0.501132,0.6284036,-0.17614327
0.3826955,0.6048457,-0.31395406
0.331817,0.57904863,-0.43701315
0.40297127,0.5644065,-0.53529197
0.4643415,0.44811335,-0.17688902
0.46413115,0.3643026,-0.3300332
0.45519167,0.38903856,-0.44082314
0.45698372,0.43339837,-0.48597512
0.5554016,0.44364443,-0.16187713
0.5602736,0.34624636,-0.33259055
0.5415812,0.39448875,-0.4291791
0.5315044,0.44402766,-0.45396125
0.64762497,0.45256615,-0.16928536
0.658138,0.36458504,-0.3177351
0.6336573,0.40820494,-0.39294583
0.61676395,0.45849538,-0.3990423
0.7427232,0.4715841,-0.1826595
0.7531293,0.40225074,-0.30123958
0.7252326,0.4228241,-0.35949853
0.69793636,0.46199244,-0.36928517
0.60682046,0.62454426,-1.1115416E-4
0.4949196,0.6275903,-0.17357442
0.3823994,0.603798,-0.31316242
0.33490682,0.57971,-0.440131
0.40298134,0.56588024,-0.5442324
0.46455848,0.4484691,-0.16881828
0.46569473,0.36434892,-0.32106
0.45343736,0.3901685,-0.43471313
0.45494375,0.43454224,-0.48262393
0.5552875,0.44408545,-0.15540437
0.5602206,0.3459775,-0.32164878
0.5373569,0.39424726,-0.41835392
0.52747416,0.44299194,-0.4450718
0.6474619,0.4534468,-0.16477777
0.65829057,0.36358857,-0.30773565
0.63024366,0.40819597,-0.38252723
0.6143689,0.45869395,-0.39058033
0.74194515,0.47292286,-0.17980783
0.7510006,0.40242845,-0.2954825
0.7205416,0.42422384,-0.35228384
0.69459504,0.46432826,-0.3628416
0.5899728,0.60192347,-2.3152636E-5
0.4930471,0.59870076,-0.15632841
0.4066392,0.5817724,-0.28514317
0.35204828,0.5720479,-0.4042521
0.34106717,0.57291096,-0.5227087
0.45539567,0.44913095,-0.19172807
0.45210522,0.38301748,-0.32646868
0.44867852,0.37953696,-0.4559941
0.45354435,0.40563652,-0.5345168
0.5409962,0.44228914,-0.17968245
0.5471244,0.35956013,-0.33225352
0.5339219,0.36638206,-0.46064287
0.5250232,0.40204382,-0.53385967
0.624231,0.45073068,-0.18439177
0.63483524,0.3723104,-0.31419533
0.61759424,0.38782102,-0.41151166
0.6035827,0.4277545,-0.45771337
0.7069489,0.47050938,-0.19519798
0.72189236,0.40713513,-0.3057993
0.70750785,0.405874,-0.38080245
0.68365633,0.42913246,-0.419695
0.57681745,0.5902295,-1.6246393E-4
0.46203795,0.5734283,-0.070551306
0.3545202,0.54120016,-0.12900168
0.2966027,0.51242226,-0.18765725
0.33024955,0.5022379,-0.22958927
0.4503571,0.42554146,-0.016448729
0.44624355,0.36360115,-0.074080184
0.42702562,0.3573613,-0.16149816
0.42344514,0.3817551,-0.22993456
0.5229356,0.42136446,-0.021643182
0.5300189,0.34192455,-0.09353083
0.50017,0.3425858,-0.19338869
0.48607,0.3797239,-0.25867805
0.5929109,0.42872518,-0.03939541
0.6019521,0.3538698,-0.09657912
0.5729038,0.35672307,-0.16375326
0.5558177,0.39082903,-0.20204273
0.66568077,0.44672066,-0.062289387
0.68006754,0.3874505,-0.11611973
0.6544136,0.37961358,-0.16002628
0.6265723,0.4002574,-0.1848178
0.58196115,0.5923974,-8.1627695E-5
0.47839576,0.58067334,-0.10574486
0.38291997,0.5527929,-0.18136877
0.3124441,0.53460115,-0.25127602
0.29194027,0.5301229,-0.31474996
0.44409242,0.4391841,-0.11003927
0.44703394,0.37613603,-0.2079831
0.4245398,0.38224772,-0.29705945
0.41864446,0.41082406,-0.35248485
0.5164224,0.4359259,-0.11065846
0.5210395,0.35749608,-0.22115935
0.4911695,0.37292826,-0.3126197
0.48069036,0.40843737,-0.3682625
0.59017307,0.44418055,-0.12445248
0.6001682,0.3698174,-0.22183156
0.567641,0.39078152,-0.28471953
0.55253804,0.42881632,-0.31401387
0.66580933,0.4633522,-0.14213702
0.679275,0.40775326,-0.22750793
0.6484207,0.4151488,-0.2818176
0.6231486,0.44120938,-0.31059355
0.5834985,0.59315246,-4.961063E-5
0.47733727,0.57996327,-0.09084518
0.38306916,0.5512805,-0.16051339
0.31286144,0.53159267,-0.22839922
0.28820387,0.52484226,-0.29089576
0.44815966,0.4412658,-0.08789826
0.4491627,0.37926722,-0.18283173
0.42875665,0.3826154,-0.27553925
0.42467132,0.4097587,-0.33542898
0.5181578,0.43816528,-0.09365341
0.52008873,0.35976732,-0.20029491
0.4908191,0.37512887,-0.29345253
0.48170602,0.41162843,-0.35091832
0.5898982,0.44584945,-0.1120748
0.59828305,0.37278193,-0.2072809
0.5667967,0.3946446,-0.27053422
0.55375624,0.43278825,-0.29914787
0.66444546,0.46378645,-0.13314633
0.67622185,0.40838638,-0.21484601
0.64436805,0.41915154,-0.2632957
0.61931133,0.44791302,-0.28759512
0.56537294,0.60549986,-8.861131E-5
0.49322495,0.5915931,-0.11982083
0.42526948,0.5622623,-0.21708281
0.4583266,0.54555696,-0.29554126
0.53686345,0.5336238,-0.34665123
0.48138705,0.45569238,-0.11496527
0.4783744,0.38773042,-0.19821887
0.4898516,0.38513303,-0.27840322
0.5001635,0.41359127,-0.3335595
0.5567233,0.45349988,-0.10322849
0.5622708,0.37795132,-0.1955
0.56609523,0.38690096,-0.2834226
0.55740035,0.42331678,-0.33149725
0.6221409,0.46227223,-0.10229176
0.62940997,0.39803588,-0.17025498
0.6298325,0.40435869,-0.23185426
0.6209148,0.43650678,-0.26084286
0.6866025,0.48005795,-0.1150182
0.6965357,0.42981672,-0.17042598
0.69126683,0.42135507,-0.21162494
0.6770535,0.43892792,-0.229688
0.5845467,0.5808186,-7.674678E-5
0.51596797,0.58078957,-0.1635773
0.44954956,0.56931096,-0.30096033
0.42086902,0.5660599,-0.42315844
0.43465698,0.5695707,-0.54117465
0.4628557,0.4536084,-0.20193352
0.45956936,0.38694966,-0.33265164
0.4672212,0.40730292,-0.439973
0.4725806,0.44224787,-0.49478057
0.53766644,0.44559824,-0.18392353
0.5343715,0.37200308,-0.3312734
0.53700644,0.406686,-0.42614716
0.5334078,0.44252264,-0.4677705
0.6093527,0.44999358,-0.18183772
0.60880435,0.3843822,-0.2969422
0.6058311,0.4146812,-0.37039262
0.59758437,0.44988245,-0.39614767
0.6803462,0.46141338,-0.19158295
0.68788755,0.41049275,-0.28584412
0.67701954,0.42310953,-0.34331658
0.6593469,0.44803986,-0.36860362
0.5763679,0.5938056,-1.3350524E-4
0.48855937,0.59695184,-0.14689127
0.40480545,0.5798295,-0.26097482
0.36362654,0.5647173,-0.36275807
0.39237052,0.55767894,-0.4526861
0.4519721,0.45997748,-0.16845451
0.45210359,0.3974539,-0.28984842
0.45082682,0.40295887,-0.39638072
0.45526862,0.43302196,-0.45489803
0.52590495,0.45474377,-0.15284446
0.5310181,0.38158274,-0.28712964
0.52302885,0.40254048,-0.38334632
0.5178925,0.4381659,-0.43144757
0.59835136,0.46180105,-0.1528117
0.6065458,0.3937927,-0.2680409
0.59598726,0.41468593,-0.34654334
0.58844984,0.45150426,-0.37822485
0.67232823,0.47758698,-0.1580244
0.682847,0.42415547,-0.25444475
0.6710329,0.43015,-0.31541023
0.65639585,0.4554745,-0.3440431
0.56472456,0.6378817,-1.1060247E-4
0.46467492,0.6256215,-0.10867838
0.37227502,0.59159297,-0.193145
0.3421672,0.55597407,-0.2652734
0.41022396,0.5401511,-0.31855083
0.45685592,0.47753152,-0.065481424
0.4566808,0.41743535,-0.13664153
0.450695,0.4153269,-0.22529379
0.45466778,0.44323245,-0.28799376
0.5309146,0.47379908,-0.05736136
0.54137033,0.39893243,-0.13334121
0.52869433,0.4030757,-0.22614968
0.519933,0.4389723,-0.28524628
0.6001717,0.48251078,-0.06411892
0.6143201,0.4129699,-0.13043456
0.59947205,0.4203637,-0.19673122
0.5874702,0.45542172,-0.2309151
0.6726253,0.5020703,-0.07959738
0.6894945,0.4478689,-0.14014897
0.6732489,0.44307187,-0.18597896
0.651762,0.46399438,-0.20929354
0.56799537,0.64052355,-1.1695568E-4
0.4667818,0.6260442,-0.10205244
0.37505126,0.5911981,-0.18097642
0.34574872,0.5542932,-0.24903314
0.41548422,0.53848433,-0.2974781
0.4635278,0.47864825,-0.05006608
0.46299142,0.41816884,-0.111746594
0.45743528,0.41342166,-0.19496144
0.46120566,0.43963483,-0.25607967
0.53714705,0.4750683,-0.043569006
0.547347,0.3990964,-0.11214746
0.5343866,0.40257782,-0.20319644
0.5251707,0.43898314,-0.26104054
0.6057727,0.4836405,-0.05116092
0.61872023,0.4134202,-0.111768834
0.60340893,0.41936105,-0.17731626
0.59056765,0.45430547,-0.21086198
0.6780122,0.5025759,-0.06749735
0.6959407,0.4475933,-0.124064475
0.6787178,0.4414733,-0.1682026
0.6553744,0.4628893,-0.19005106
0.59808856,0.61121726,-1.5285693E-4
0.50644445,0.61060655,-0.17389077
0.4219753,0.59655815,-0.30840525
0.38304195,0.58503586,-0.42740193
0.41923234,0.5819733,-0.53525877
0.46457726,0.46016425,-0.20073377
0.45809868,0.38139117,-0.33906683
0.45848843,0.40177724,-0.44168332
0.46341375,0.44220808,-0.48688027
0.5484282,0.45496842,-0.1788626
0.5498442,0.36457944,-0.33323434
0.54494315,0.399524,-0.42561206
0.5389824,0.44192952,-0.45803344
0.6313538,0.46306896,-0.17651102
0.6363789,0.3841478,-0.30441117
0.6257022,0.41521206,-0.3833311
0.6142119,0.45792842,-0.4049961
0.71327263,0.4810265,-0.18162107
0.72329086,0.42059067,-0.28892514
0.7090218,0.4294838,-0.35510388
0.69078475,0.45751455,-0.38170224
0.56151503,0.5996577,-8.921134E-5
0.4685436,0.58127797,-0.09520106
0.39662337,0.53194207,-0.1671406
0.44186032,0.49533436,-0.23129816
0.5298935,0.49444422,-0.2691572
0.44838113,0.44710797,-0.060313575
0.44457662,0.3833706,-0.15755707
0.44396898,0.42360973,-0.20768432
0.45137,0.4608183,-0.21155946
0.5215298,0.44428334,-0.058982994
0.5273087,0.38064972,-0.17389885
0.5112566,0.4273061,-0.22516137
0.5057799,0.4661893,-0.22075552
0.5889693,0.44976237,-0.070433155
0.6004507,0.38802713,-0.16321771
0.57385516,0.4311945,-0.19217624
0.5626984,0.47384158,-0.1778123
0.65808094,0.46405563,-0.09421574
0.66732347,0.4113856,-0.14733742
0.63820106,0.42985877,-0.16298491
0.61787695,0.46296597,-0.15007246
0.5769227,0.58156,-7.056062E-5
0.48060077,0.5582398,-0.07081194
0.40757817,0.5064708,-0.1307519
0.43036878,0.4667946,-0.19268496
0.50695634,0.4686837,-0.23293228
0.48370612,0.4229913,-0.024370791
0.4784564,0.3552762,-0.12007247
0.45700017,0.39330876,-0.17567381
0.45914456,0.42984563,-0.18314937
0.5488794,0.42563012,-0.034900863
0.5515841,0.35631546,-0.14763846
0.5163017,0.4010422,-0.20123804
0.5121989,0.43939784,-0.20269333
0.61173314,0.43442482,-0.060500897
0.6229552,0.36957076,-0.15137854
0.57827497,0.41129106,-0.17715345
0.56483674,0.4536687,-0.16361888
0.679136,0.45077923,-0.093658976
0.6895395,0.39578214,-0.14658362
0.6470955,0.41279957,-0.16381256
0.6224299,0.4450691,-0.15615769
0.5658181,0.5919748,-3.54934E-5
0.48267788,0.5810704,-0.1345565
0.39478374,0.5441624,-0.25525132
0.4369532,0.5260183,-0.3603634
0.5215823,0.51599896,-0.42719367
0.45143345,0.45415932,-0.16036832
0.44267246,0.4019059,-0.29695705
0.44617778,0.44559643,-0.34232247
0.4514066,0.48052448,-0.3358892
0.52944183,0.45026213,-0.15441924
0.53225225,0.40205023,-0.3169337
0.5206065,0.45710093,-0.35687715
0.5116574,0.49126646,-0.3335901
0.60169876,0.456486,-0.1664645
0.6100198,0.41346887,-0.29774517
0.5831816,0.46675488,-0.32416752
0.5665394,0.5039108,-0.30031425
0.6712516,0.47224867,-0.19096638
0.6836819,0.43222502,-0.26664603
0.65455097,0.4610852,-0.2920862
0.6289451,0.49070996,-0.2798618
0.5599899,0.5875851,-4.3991655E-5
0.46963477,0.5730816,-0.11519447
0.40125257,0.5225018,-0.19696538
0.4581747,0.4879873,-0.26640594
0.54779965,0.48790783,-0.3073134
0.45948014,0.4416098,-0.078936875
0.46198207,0.3835954,-0.18786177
0.46876848,0.42066714,-0.23949721
0.47475278,0.45566776,-0.23908266
0.5327589,0.43814158,-0.068725236
0.54546005,0.3814541,-0.19856139
0.5370845,0.42638382,-0.25096723
0.52940863,0.46334738,-0.23559272
0.5998332,0.44461426,-0.073688306
0.618624,0.38992125,-0.17590642
0.59985834,0.43122628,-0.20675665
0.5862349,0.47120503,-0.18603146
0.66658264,0.46119344,-0.09084327
0.681179,0.4152776,-0.15118027
0.6569163,0.43315452,-0.16722287
0.63464445,0.46383637,-0.14703587
0.5607592,0.59279674,-1.2928343E-4
0.4848379,0.5579641,-0.09136367
0.4541136,0.50374454,-0.13844675
0.5231069,0.46632484,-0.17225142
0.61022043,0.4632525,-0.18667255
0.50133866,0.43620494,-0.028946906
0.5217856,0.3721245,-0.09337554
0.5315996,0.39584118,-0.14080335
0.52906406,0.42910352,-0.1519357
0.57325417,0.43798918,-0.016251447
0.60400605,0.3742143,-0.09633405
0.5940649,0.4084835,-0.15591149
0.5748786,0.44496405,-0.16345297
0.63118976,0.4496135,-0.0153382365
0.6679724,0.39296493,-0.079345725
0.6509684,0.42283842,-0.12347484
0.62914044,0.45889223,-0.12668806
0.6850823,0.46992368,-0.025022577
0.71929336,0.4259197,-0.061738085
0.70308334,0.43030834,-0.08170368
0.67828506,0.4515457,-0.0770432
0.5527984,0.5896647,-9.9307734E-5
0.46748263,0.555188,-0.0737678
0.41467673,0.49811193,-0.12758684
0.47553456,0.4603043,-0.17642738
0.56372654,0.46686348,-0.1988003
0.45976156,0.42261744,-0.031639695
0.4651382,0.35210332,-0.10311805
0.4544312,0.39237306,-0.14066243
0.45519322,0.4305403,-0.14475678
0.52802545,0.42400643,-0.03515776
0.54425985,0.35435623,-0.120705046
0.5181089,0.39699525,-0.16437215
0.5090709,0.43491775,-0.16372564
0.5897493,0.43296927,-0.05100629
0.6088665,0.3665802,-0.11754811
0.57380265,0.4054267,-0.14087796
0.561779,0.44617784,-0.12896422
0.65183556,0.44970515,-0.077046596
0.6673757,0.39414173,-0.113626055
0.6347187,0.4075676,-0.1266468
0.6144652,0.4367673,-0.11562738
0.5455753,0.58456355,-1.4695387E-4
0.45708054,0.5514389,-0.058939915
0.40707886,0.49417588,-0.096299864
0.45864254,0.44714496,-0.13009621
0.5396066,0.4411174,-0.14104949
0.4429004,0.42577067,0.015052429
0.44299313,0.35872182,-0.03587494
0.43773046,0.38753894,-0.07431199
0.44273967,0.4203121,-0.08755017
0.5067743,0.42356977,0.009688414
0.51628983,0.3519801,-0.054114293
0.49936554,0.38544303,-0.107145
0.4962489,0.4225127,-0.12066597
0.565747,0.42982957,-0.0076026767
0.58071494,0.36301115,-0.054106288
0.5537989,0.3928827,-0.084073246
0.5458058,0.4290397,-0.08170755
0.6278379,0.44373173,-0.03444467
0.6384048,0.39044493,-0.05804592
0.6107742,0.39686713,-0.06977453
0.5944472,0.4218355,-0.062420305
0.5744094,0.62097704,-1.0510676E-4
0.4708748,0.5923421,-0.0973692
0.40488142,0.5317422,-0.16142352
0.46892413,0.48808858,-0.21712244
0.5720961,0.49178097,-0.24375677
0.44583327,0.44162306,-0.039746255
0.44986892,0.3606151,-0.1402563
0.43883976,0.40332577,-0.19413544
0.43972778,0.44499803,-0.20160443
0.5263357,0.44047162,-0.03717255
0.54031533,0.36304036,-0.15368107
0.513494,0.41409695,-0.20737875
0.5043048,0.45679832,-0.19834632
0.6009378,0.4484872,-0.050394345
0.61771166,0.37504467,-0.14271967
0.58113027,0.422222,-0.17603257
0.5678497,0.4685194,-0.15874925
0.67463297,0.46623835,-0.07676897
0.68797326,0.405753,-0.13535748
0.6510752,0.42466646,-0.1583858
0.6277013,0.45932895,-0.14786687
0.5757698,0.62456846,-1.0834962E-4
0.4716848,0.59638053,-0.09602629
0.40348983,0.5349678,-0.16137154
0.46814677,0.4904168,-0.21893302
0.5730668,0.4937432,-0.24609163
0.44816643,0.442039,-0.039387595
0.4511773,0.36009556,-0.14312316
0.43951467,0.40507126,-0.20054482
0.44064078,0.4481245,-0.20919622
0.52998704,0.44132268,-0.03812946
0.5432491,0.36314723,-0.15662257
0.5149459,0.41558403,-0.21151751
0.5054512,0.45918408,-0.20339505
0.6054158,0.4498602,-0.052766014
0.62135315,0.37500942,-0.14689034
0.5825127,0.4234911,-0.18099177
0.5683757,0.4711858,-0.16472748
0.68006873,0.46829712,-0.08017783
0.6917672,0.40674067,-0.13965957
0.6524322,0.4273162,-0.16374311
0.62769777,0.46358654,-0.15380916
0.6055558,0.64230484,-9.033921E-5
0.48644057,0.60949266,-0.100313805
0.39695227,0.54501724,-0.18087263
0.4510392,0.50303966,-0.26038447
0.5597072,0.51305234,-0.30954242
0.46952277,0.4406938,-0.061454486
0.4667868,0.3549689,-0.1922443
0.4367992,0.4060373,-0.26003137
0.43311942,0.45250478,-0.26567003
0.5547703,0.44461173,-0.07124665
0.55854934,0.35834867,-0.2231453
0.51442987,0.41885448,-0.2916914
0.50615937,0.46720156,-0.28841007
0.63577163,0.45653108,-0.09872275
0.6466782,0.37681824,-0.22058487
0.59237707,0.43422428,-0.25806776
0.57597756,0.48790306,-0.23969312
0.71926475,0.47794482,-0.1388484
0.72945404,0.41199613,-0.20739618
0.6775829,0.43876097,-0.23323849
0.6479555,0.479453,-0.22543505
0.58719647,0.6252074,-1.112466E-4
0.48589176,0.5874656,-0.124252066
0.42408296,0.52577376,-0.20472643
0.50484455,0.48378354,-0.2672988
0.6177857,0.48179993,-0.29554135
0.4611716,0.4252905,-0.0978546
0.47688913,0.34212667,-0.19522637
0.4833504,0.38949347,-0.24677107
0.48303637,0.434962,-0.25576568
0.5520322,0.4237974,-0.08469766
0.57572794,0.34214514,-0.19692782
0.56419677,0.39751494,-0.25319606
0.5481626,0.4455518,-0.24692209
0.63104326,0.43421692,-0.08332254
0.6574853,0.35734618,-0.1775105
0.6352675,0.40756482,-0.21960197
0.61661226,0.4582642,-0.21005559
0.7035202,0.45624602,-0.09791242
0.7245867,0.39739865,-0.15989895
0.6986688,0.41738132,-0.18801618
0.6718525,0.4517746,-0.18047382
0.5692753,0.6296082,-1.7824219E-4
0.46516976,0.58454585,-0.06638687
0.42173767,0.50994015,-0.09874176
0.5000809,0.45464298,-0.12656271
0.59829104,0.45283213,-0.12812382
0.46606696,0.43462682,0.041354775
0.4700277,0.34952414,-0.016036857
0.4646046,0.3719676,-0.07027339
0.46633548,0.41099232,-0.09235348
0.5466281,0.4327003,0.036195904
0.56280595,0.34516305,-0.034535266
0.54285425,0.37814423,-0.11107146
0.53175884,0.4243583,-0.1397878
0.619572,0.4423739,0.015525841
0.6427299,0.36292103,-0.04351232
0.6119154,0.39083064,-0.09445745
0.5956244,0.4338926,-0.10291597
0.6947843,0.46160597,-0.01361664
0.7151716,0.3971782,-0.042552184
0.68560296,0.39658806,-0.061922975
0.6619347,0.42294094,-0.05799125
0.59536886,0.64962363,-1.509505E-4
0.47512403,0.60552573,-0.06378001
0.3911199,0.5259969,-0.11515801
0.4561209,0.47433546,-0.17188998
0.5632466,0.49487898,-0.19457361
0.47691146,0.43331748,0.024704652
0.47850496,0.34058705,-0.066305004
0.44590276,0.39100963,-0.10769755
0.44524333,0.437395,-0.09909932
0.5549576,0.4372756,0.004622741
0.56265575,0.34148002,-0.10894929
0.5135797,0.3953077,-0.16543244
0.51069,0.44418368,-0.15930612
0.63025796,0.44848788,-0.032756202
0.6451369,0.35980603,-0.120962985
0.5861019,0.41113812,-0.14213692
0.5763786,0.46575874,-0.119617924
0.71194994,0.4678002,-0.0819412
0.72235924,0.391931,-0.12377005
0.66697365,0.41151714,-0.13707626
0.6414525,0.45325953,-0.11825624
0.6030794,0.6225912,-8.615606E-5
0.49045002,0.5989861,-0.123777546
0.40587497,0.5360273,-0.2136573
0.4545473,0.48318464,-0.29517883
0.5529861,0.48096448,-0.3492061
0.44541562,0.43828887,-0.064876944
0.43677914,0.36003795,-0.17775315
0.4468383,0.41162995,-0.2296339
0.46045238,0.45384088,-0.22653258
0.5335113,0.43083945,-0.05672349
0.53360724,0.35520253,-0.19099884
0.5273715,0.4144631,-0.24532679
0.5298524,0.45510185,-0.22835194
0.61494035,0.43531573,-0.06630841
0.62148654,0.36078,-0.17110781
0.6025767,0.41476426,-0.19944614
0.6007763,0.4601316,-0.17402613
0.7000566,0.4500785,-0.090539984
0.705287,0.3863786,-0.14699116
0.678318,0.41129512,-0.16131747
0.6641135,0.44772786,-0.13960415
0.5744274,0.6158378,-1.4827862E-4
0.46048045,0.58172995,-0.07381564
0.37524837,0.52105635,-0.1414887
0.37876078,0.4661777,-0.21405165
0.45711496,0.4608548,-0.26551127
0.46374133,0.42595997,-0.0038544436
0.46159282,0.34631655,-0.099306256
0.428527,0.38918218,-0.15684766
0.4258774,0.42993426,-0.16506404
0.5357544,0.42991382,-0.022075983
0.53620577,0.34450236,-0.12783423
0.49159187,0.3942879,-0.18811403
0.48926824,0.4377403,-0.19688751
0.6066885,0.44140103,-0.057818
0.6154847,0.36083066,-0.14373831
0.56450313,0.40742692,-0.17129496
0.55600643,0.45556164,-0.15915522
0.6856624,0.46102718,-0.101412505
0.69004995,0.3934753,-0.15348303
0.6400996,0.41323164,-0.17274423
0.61611605,0.45118946,-0.16670638
0.5837206,0.5940588,-1.6139536E-4
0.50361115,0.563174,-0.13779183
0.4631518,0.50648326,-0.22348827
0.53926194,0.46704617,-0.28889748
0.6409959,0.46264818,-0.3258837
0.5129712,0.4135843,-0.08832047
0.5468427,0.34550995,-0.18497102
0.5608439,0.38350502,-0.23685226
0.55490595,0.42121142,-0.2424629
0.5931764,0.41562584,-0.062028058
0.63534296,0.3513932,-0.17637207
0.6272062,0.40043187,-0.22733796
0.6022273,0.4376302,-0.21147229
0.65927213,0.42818314,-0.050169036
0.70222324,0.37075645,-0.1412014
0.68130046,0.41523004,-0.17212157
0.6538416,0.45366582,-0.1474751
0.7195564,0.4516603,-0.055256154
0.7541795,0.4070107,-0.11644387
0.72844756,0.42807,-0.13581063
0.6952854,0.45487392,-0.116568714
0.5923677,0.5813084,-1.11334026E-4
0.50511396,0.5501857,-0.100622796
0.460379,0.491468,-0.16494502
0.5241551,0.44506764,-0.21780567
0.61779153,0.43714592,-0.25203037
0.49762297,0.41379747,-0.046463642
0.5042642,0.3434874,-0.11955601
0.5290261,0.3674971,-0.16962336
0.5389785,0.4032801,-0.18588394
0.5759024,0.41173667,-0.03630032
0.5954043,0.34140176,-0.121974245
0.60106343,0.37391123,-0.17892997
0.5912192,0.41088268,-0.18622804
0.64013195,0.42206553,-0.039255157
0.66551995,0.3603819,-0.103668965
0.66053945,0.38768885,-0.14387012
0.64728206,0.4240807,-0.14562747
0.70412767,0.44324753,-0.054511145
0.72416663,0.39732775,-0.100671664
0.70984066,0.40220112,-0.13094534
0.6889123,0.42425293,-0.13426551
0.59118783,0.5818999,-1.7358652E-4
0.50246656,0.5485038,-0.091358714
0.45645696,0.48913085,-0.14531738
0.5170901,0.44104385,-0.19050734
0.60933584,0.43397057,-0.21511629
0.49099636,0.41364715,-0.020555923
0.49631757,0.34321338,-0.08914456
0.5144076,0.36790442,-0.14232154
0.5221902,0.40403613,-0.15921222
0.5668307,0.41118035,-0.01350863
0.58244497,0.3406397,-0.095917225
0.58367026,0.37401885,-0.159285
0.57430416,0.41175297,-0.17097512
0.63172704,0.42067316,-0.02043557
0.65198076,0.3581566,-0.08220137
0.644609,0.38540676,-0.12517177
0.6342461,0.4213606,-0.12708123
0.69744986,0.44079566,-0.03889189
0.7137022,0.39321315,-0.079256624
0.6970466,0.39659655,-0.10623509
0.6782814,0.41763374,-0.106375195
0.5910642,0.5912342,-1.8846641E-4
0.49762073,0.5567077,-0.05388401
0.4454564,0.49301672,-0.08563917
0.48607296,0.43899706,-0.11775444
0.5651271,0.42850885,-0.13604107
0.49887216,0.42120618,0.0342018
0.5043108,0.35022894,-0.010345785
0.4980154,0.36584195,-0.06288221
0.49855146,0.3983065,-0.08823031
0.5685163,0.42059487,0.027002255
0.5829516,0.34630227,-0.028870134
0.5651114,0.37308502,-0.09831681
0.55567795,0.41264156,-0.13135248
0.63138837,0.42905092,0.0066310093
0.6498737,0.36130282,-0.035858445
0.62507164,0.38246632,-0.08078795
0.61129063,0.41847962,-0.095327154
0.6982646,0.44548857,-0.020341292
0.714916,0.39080343,-0.044558
0.69000125,0.38996705,-0.06335069
0.66847247,0.4127527,-0.06524142
0.5929349,0.59075534,-1.8371329E-4
0.49451172,0.5570302,-0.049979076
0.43956935,0.49299824,-0.075129665
0.4774762,0.437247,-0.10145056
0.56107706,0.4268047,-0.11199572
0.4963533,0.42126638,0.052213863
0.5004479,0.34902087,0.011161053
0.49526477,0.36175847,-0.04606845
0.49706703,0.39467475,-0.07585814
0.56682444,0.42073318,0.0454006
0.57966244,0.34604535,-0.0075823776
0.5637845,0.37096134,-0.08097742
0.5563562,0.41127416,-0.11711927
0.6301763,0.4285595,0.024739541
0.64685225,0.36043936,-0.015017316
0.6237561,0.38052335,-0.05986405
0.61193955,0.4170764,-0.0740678
0.6973735,0.4440694,-0.0017475609
0.7125572,0.38926467,-0.025455214
0.6882397,0.3890702,-0.04400454
0.6678708,0.41281518,-0.043694846
0.59907985,0.6210101,-8.705035E-5
0.4869492,0.5899136,-0.07121105
0.4045635,0.5252518,-0.13075304
0.42169747,0.469127,-0.19510853
0.5069293,0.46478504,-0.23740765
0.50142026,0.43230385,0.009332453
0.50289345,0.35157558,-0.090900905
0.47084525,0.39061683,-0.15172453
0.46942317,0.43211043,-0.15990615
0.57451105,0.43602967,-0.0074255653
0.58126986,0.3524539,-0.120692134
0.5376103,0.4001406,-0.18332306
0.5340067,0.4440924,-0.18664494
0.6455334,0.44753253,-0.042387784
0.66007733,0.36820012,-0.13288756
0.60896176,0.41131964,-0.16036238
0.5967386,0.45891675,-0.14355353
0.7238941,0.46776372,-0.084887624
0.7358177,0.40049022,-0.13852541
0.6880736,0.41576856,-0.15581489
0.6612947,0.45242527,-0.14529783
0.5985727,0.64101326,-7.302206E-5
0.48002085,0.6084847,-0.08266649
0.38909376,0.5488727,-0.15978909
0.4054444,0.49894285,-0.2414743
0.49116102,0.49831855,-0.2993742
0.4784348,0.44913688,-0.03083669
0.47022387,0.37049356,-0.14108013
0.44590774,0.4194372,-0.19691731
0.4476575,0.46368518,-0.19757716
0.5564151,0.45218512,-0.046278834
0.55767906,0.37260562,-0.17064837
0.52090067,0.43087664,-0.22415018
0.52053773,0.47572687,-0.2203076
0.63269836,0.46333274,-0.07953566
0.64261043,0.38709632,-0.18172732
0.59513897,0.44071594,-0.20080265
0.58635795,0.49006373,-0.17704706
0.71466184,0.48321,-0.122338675
0.7239126,0.41744345,-0.17748976
0.6768386,0.44277927,-0.18746355
0.6533935,0.4821407,-0.17255074
0.59464103,0.63948697,-8.818558E-5
0.47906637,0.608356,-0.08986435
0.39004052,0.54957765,-0.17360759
0.40659612,0.50096196,-0.26024923
0.49037948,0.4996417,-0.3227866
0.47951987,0.44801557,-0.044416964
0.46998993,0.3696737,-0.15855287
0.4448114,0.41877967,-0.21495223
0.44651103,0.4632259,-0.21531242
0.5573525,0.45135346,-0.058502685
0.5566351,0.371616,-0.1862971
0.51934934,0.43005368,-0.23807414
0.519036,0.47498843,-0.23311034
0.63347757,0.46287704,-0.09083306
0.64170194,0.38704944,-0.19572432
0.59361297,0.4409452,-0.2146251
0.5855419,0.49054945,-0.19065474
0.7149064,0.4833821,-0.13264406
0.72296524,0.41754073,-0.19279568
0.6750516,0.44306132,-0.20397702
0.65209126,0.48246723,-0.18950793
0.5965091,0.640078,-2.6816813E-5
0.48693556,0.61754334,-0.13330059
0.3848043,0.566204,-0.25674984
0.41714746,0.52955395,-0.37129438
0.51784635,0.5219555,-0.44329572
0.47714865,0.46123254,-0.12754758
0.47195727,0.3922568,-0.27966753
0.45560062,0.4478664,-0.33175218
0.45566547,0.48973867,-0.31824687
0.56050164,0.46230155,-0.12986882
0.5670789,0.39807144,-0.30968797
0.5385808,0.46546444,-0.35302782
0.53251016,0.5042304,-0.31867722
0.6407788,0.4726824,-0.15253842
0.6502408,0.41035402,-0.29620427
0.60738915,0.47277254,-0.31289676
0.5946334,0.5179506,-0.2694345
0.7218848,0.4927966,-0.18962471
0.73044944,0.43656617,-0.26920202
0.6881639,0.47142512,-0.28691542
0.66538376,0.5099491,-0.26082745
0.59786236,0.6369613,-2.0418478E-5
0.48970994,0.616763,-0.14332823
0.38767195,0.5668947,-0.27173576
0.4155299,0.53053063,-0.3910364
0.5133264,0.52423275,-0.46995512
0.47522196,0.46110192,-0.13744028
0.46967062,0.39125437,-0.29812238
0.45417225,0.44816267,-0.3543465
0.45413578,0.4902722,-0.3402271
0.5600771,0.46248072,-0.13561626
0.566003,0.3979016,-0.3231534
0.53799075,0.46718487,-0.36875534
0.5315129,0.5056301,-0.3326201
0.64120007,0.47301823,-0.15562111
0.6509537,0.41143674,-0.30675733
0.6088846,0.4752043,-0.32577643
0.59555215,0.51954097,-0.28155348
0.7220988,0.49290958,-0.19021702
0.7324702,0.43753442,-0.2732379
0.6905442,0.47326267,-0.28917772
0.66668457,0.511298,-0.25997904
0.6001616,0.632162,-6.730768E-5
0.49558645,0.61146677,-0.14817327
0.4155373,0.5573514,-0.2570553
0.47721553,0.52138454,-0.3484941
0.578128,0.51777935,-0.40146282
0.47954056,0.4614769,-0.12156253
0.49264207,0.39231485,-0.25519553
0.49980968,0.4424802,-0.31285068
0.5020366,0.4821689,-0.30924255
0.5673577,0.4578373,-0.10551181
0.58707017,0.39021885,-0.26364326
0.58033836,0.45136052,-0.3188038
0.56844187,0.49234524,-0.29804137
0.6472716,0.46467614,-0.10624679
0.67065597,0.39936662,-0.23624948
0.6491889,0.4554408,-0.26743805
0.6299095,0.50087565,-0.23717785
0.7235701,0.48197094,-0.12348245
0.74314296,0.42841807,-0.19375943
0.71822536,0.45704374,-0.20996921
0.6912253,0.49266642,-0.18391402
0.59726006,0.62891877,-7.9059915E-5
0.48758554,0.59849,-0.08220349
0.4083194,0.53603745,-0.1547993
0.4367097,0.48765504,-0.22942452
0.5239869,0.4872053,-0.2779103
0.50677633,0.4466426,-0.012813315
0.5072538,0.37488413,-0.11561795
0.47990978,0.41732693,-0.168117
0.47986847,0.45745805,-0.16917603
0.58016306,0.4500439,-0.024976373
0.5894214,0.37490493,-0.1392669
0.5483539,0.42470345,-0.19252656
0.54380447,0.4658901,-0.18888585
0.6503183,0.4619341,-0.054926094
0.6694944,0.3916212,-0.14671983
0.6179501,0.43819064,-0.16630729
0.603706,0.48366484,-0.1434919
0.726178,0.4833094,-0.09530228
0.74067587,0.42244065,-0.14525965
0.693257,0.4427259,-0.15361826
0.6667795,0.4794625,-0.13457774
0.6078938,0.6359272,-1.2728237E-4
0.4939882,0.605488,-0.062897146
0.4033668,0.54871726,-0.124998316
0.39763677,0.49644947,-0.19513737
0.47074682,0.49034756,-0.24387209
0.48832613,0.45477575,0.006386975
0.4746592,0.37595737,-0.09227853
0.44040442,0.4177572,-0.1535383
0.44052494,0.45888478,-0.16260357
0.55659765,0.45774034,-0.015635137
0.5472497,0.37482178,-0.1250961
0.5037422,0.4254171,-0.18512532
0.505686,0.46935132,-0.19345176
0.6250459,0.46711326,-0.056306757
0.62442255,0.3888062,-0.1435639
0.5723017,0.43545768,-0.16979052
0.56649,0.48401305,-0.15682139
0.70131624,0.48373994,-0.1040348
0.69814277,0.41655466,-0.1538959
0.64750254,0.4370324,-0.17351787
0.62698203,0.47591326,-0.1695133
0.5967239,0.64501834,-1.2726535E-4
0.48086616,0.6168995,-0.053010166
0.3917564,0.55628,-0.09658049
0.39755183,0.49731773,-0.14578892
0.47552222,0.4860873,-0.17387019
0.46548033,0.4628753,0.02795333
0.4558448,0.3819722,-0.05320279
0.42452326,0.4184968,-0.10787564
0.4259468,0.45808658,-0.1176727
0.5345396,0.4621149,0.009060301
0.52509147,0.37493706,-0.08124175
0.48540598,0.42072293,-0.14807847
0.49152094,0.46446592,-0.16628638
0.60365975,0.468479,-0.024918376
0.60127217,0.38705462,-0.09671187
0.5549244,0.43027595,-0.12735347
0.55521756,0.4773892,-0.12147176
0.68268865,0.48131943,-0.06575509
0.67677283,0.41242397,-0.10781618
0.6300483,0.43044278,-0.12534088
0.61491215,0.46889785,-0.11895627
0.60040826,0.6536274,-2.3007877E-4
0.4801372,0.61988574,-0.0368098
0.40088168,0.55157363,-0.054029122
0.41656473,0.48556408,-0.07537917
0.5017102,0.47099954,-0.07929229
0.46260622,0.4668608,0.08468328
0.46079597,0.38659653,0.042508084
0.44077265,0.40520525,-0.015222073
0.44335592,0.44017613,-0.044457633
0.53514814,0.4624323,0.06798044
0.5368725,0.37451923,0.018156715
0.50900066,0.40544242,-0.0649698
0.51118135,0.451138,-0.10868325
0.60429347,0.4666109,0.037956785
0.61129797,0.38477117,0.0015518421
0.57655716,0.41040382,-0.044495896
0.57261276,0.45323372,-0.06018207
0.6806426,0.47797272,0.0017771571
0.6858907,0.41217172,-0.018789807
0.6503258,0.4148987,-0.034672093
0.63132006,0.4454211,-0.032074753
0.60049963,0.6524719,-2.583857E-4
0.483054,0.61780286,-0.0328211
0.40393025,0.5492396,-0.04732662
0.41312551,0.48242265,-0.06858179
0.4970755,0.46658957,-0.07428804
0.4672584,0.4649898,0.092729606
0.46885395,0.38491443,0.051700816
0.44438136,0.40156364,-0.006202378
0.44435385,0.4347717,-0.036075484
0.53791517,0.46101934,0.07507322
0.54326534,0.37304202,0.025254654
0.51085055,0.40306452,-0.059790745
0.5111285,0.4481204,-0.10314184
0.6059698,0.4653063,0.04421914
0.6173296,0.38320374,0.008316636
0.57861024,0.40851557,-0.03976305
0.57220703,0.45111403,-0.05659678
0.680676,0.47658455,0.00790837
0.689119,0.4110183,-0.01356955
0.65234244,0.4144961,-0.03126582
0.63229644,0.4454255,-0.029451225
0.4429772,0.6851548,-1.1553838E-4
0.3033065,0.6597048,-0.098879635
0.18912303,0.5878144,-0.1854986
0.21823695,0.525459,-0.27063537
0.33041573,0.51360494,-0.32543778
0.27740926,0.46799704,-0.028286308
0.26502213,0.37852222,-0.14624551
0.25094858,0.4297892,-0.2113512
0.2604406,0.47968158,-0.21853454
0.3691042,0.46567407,-0.04273092
0.36566448,0.375897,-0.17703988
0.33770975,0.43984956,-0.23612633
0.34170413,0.49104437,-0.22985238
0.4574564,0.47441703,-0.07598409
0.46341482,0.3877153,-0.18580748
0.4210516,0.44648,-0.20690915
0.4166583,0.5025154,-0.1811083
0.554808,0.49532592,-0.121112
0.5596565,0.42108464,-0.18657018
0.51305544,0.4491487,-0.19859508
0.49218035,0.49413002,-0.18039201
0.5611332,0.71117926,-9.460553E-5
0.42358118,0.6876504,-0.14539218
0.30432552,0.6034648,-0.2549502
0.36642414,0.54421794,-0.35129377
0.4995235,0.5448566,-0.3974516
0.42169642,0.47918358,-0.07179206
0.43536067,0.3872156,-0.22988969
0.41902903,0.4517824,-0.29474053
0.41996258,0.50502247,-0.28437763
0.5271821,0.48019767,-0.07185347
0.55262655,0.38601863,-0.2568204
0.51632994,0.4598643,-0.32062894
0.5067245,0.5137755,-0.2910913
0.6272719,0.49472418,-0.09606585
0.6549083,0.4047015,-0.2481377
0.6028454,0.47367212,-0.27023694
0.5843683,0.534342,-0.22231768
0.72922695,0.5227634,-0.13601652
0.7504819,0.44663122,-0.22086504
0.6979132,0.48086822,-0.22832517
0.6634486,0.5296531,-0.1878437
0.5312595,0.6510472,-9.733989E-5
0.40847903,0.62100863,-0.17753947
0.31621298,0.55851436,-0.31292504
0.39708993,0.51709497,-0.42522654
0.5197678,0.50722486,-0.49038061
0.38984948,0.44127297,-0.15749183
0.4023629,0.35648003,-0.30199543
0.41094747,0.4195202,-0.35607278
0.41304624,0.46834716,-0.3465182
0.49528444,0.43697846,-0.13819204
0.5157423,0.35336348,-0.31568015
0.50869477,0.42950428,-0.37066036
0.49687892,0.4784366,-0.3417187
0.5903767,0.44520095,-0.1363024
0.6140134,0.36441883,-0.28081015
0.589245,0.4353435,-0.31349176
0.56895477,0.4903956,-0.2791311
0.68019503,0.46633944,-0.15422376
0.6990277,0.40165895,-0.23172389
0.66936797,0.43980956,-0.24854833
0.64018196,0.48316145,-0.21747735
0.55694646,0.69101554,-2.1876472E-4
0.43779632,0.64192414,-0.06703786
0.3838481,0.553102,-0.102298945
0.43665403,0.4811487,-0.14207214
0.5427826,0.47390112,-0.16292773
0.48654616,0.4595588,0.084031545
0.5219318,0.36683816,0.02209473
0.5051752,0.38399476,-0.05231179
0.4957469,0.42503405,-0.088053964
0.57492983,0.46482682,0.07235744
0.61672145,0.3674901,-0.0036351096
0.5810342,0.40484142,-0.098693356
0.5636055,0.45696527,-0.13633887
0.6536782,0.4802769,0.041340638
0.6988341,0.38989368,-0.014084642
0.654295,0.4196481,-0.07343947
0.63092804,0.46844852,-0.090404436
0.73628753,0.506127,0.0025782161
0.77229136,0.43492287,-0.028718533
0.73667616,0.436136,-0.051409204
0.7054903,0.46834013,-0.04538396
0.6167276,0.69129425,-1.3029549E-4
0.4772018,0.66192037,-0.100760154
0.3592966,0.59290665,-0.17297468
0.37075353,0.5266916,-0.249109
0.47045553,0.5125239,-0.2992736
0.4321578,0.47053355,-0.0038487252
0.41348523,0.37588263,-0.11853823
0.3914572,0.42677373,-0.19563709
0.39991894,0.47707832,-0.20957501
0.52393425,0.46860415,-0.015654394
0.50697935,0.36837196,-0.14847068
0.47398067,0.4297328,-0.23418039
0.48375088,0.4831993,-0.245925
0.61279184,0.47487122,-0.05023398
0.6026621,0.3800485,-0.16040945
0.5620103,0.43724233,-0.20200306
0.56713223,0.494759,-0.18848526
0.71378,0.48913723,-0.09416432
0.70517886,0.40846702,-0.1602152
0.6575614,0.4322513,-0.18174317
0.6434971,0.4770752,-0.16640726
0.63181365,0.69468576,-3.640391E-5
0.49286166,0.6726734,-0.14866036
0.36006725,0.60801095,-0.27501348
0.39640397,0.5546645,-0.39204562
0.5220975,0.544791,-0.46294475
0.45474154,0.47555262,-0.09924892
0.44031218,0.3877885,-0.26418597
0.42694467,0.45300055,-0.3335977
0.43480575,0.50500375,-0.32974377
0.5548329,0.47232604,-0.10448589
0.5550874,0.38554797,-0.29943335
0.52945465,0.4650497,-0.36568287
0.53115445,0.5169021,-0.34355608
0.65350497,0.4798789,-0.13342008
0.65544623,0.39396828,-0.2927882
0.6145533,0.4669815,-0.3201671
0.6098405,0.52548337,-0.28093785
0.7586005,0.49898517,-0.17902754
0.75798285,0.4225986,-0.26676837
0.7129285,0.460774,-0.28598085
0.6933416,0.50887996,-0.25834873