0.44039327,0.77404344,-2.1472627E-4
0.32028398,0.75288093,-0.056935053
0.22675878,0.6868979,-0.09915175
0.26610297,0.6220205,-0.14712234
0.35692233,0.60614717,-0.1813144
0.2550401,0.59259295,7.482932E-4
0.23084548,0.5168027,-0.03440153
0.22386326,0.46606976,-0.058300603
0.2216141,0.42334515,-0.068574674
0.32807413,0.57958454,-0.01658538
0.29592198,0.49744987,-0.039415665
0.27907342,0.4390666,-0.0753526
0.27323923,0.39365414,-0.09360205
0.39791533,0.5824442,-0.042041875
0.36978233,0.50530523,-0.05873376
0.3500859,0.45326626,-0.093820274
0.33821496,0.4111221,-0.10930131
0.4756339,0.5987643,-0.08210291
0.4535204,0.5357697,-0.10077335
0.43594313,0.4948576,-0.11597783
0.4195956,0.45728028,-0.120122194
0.44740322,0.7856941,-2.286447E-4
0.33458725,0.76188415,-0.07146934
0.2513211,0.6912387,-0.14060342
0.30408946,0.63666004,-0.21624869
0.39768648,0.63649637,-0.28033116
0.31102043,0.5959316,-0.04963099
0.30589387,0.522871,-0.11021291
0.3149466,0.47349283,-0.14529324
0.32910034,0.4307813,-0.16298462
0.38504696,0.5899936,-0.07358563
0.377624,0.5081979,-0.12768947
0.3794847,0.4508369,-0.17049779
0.388208,0.40518475,-0.18985946
0.4498747,0.6005609,-0.10467781
0.44739425,0.52225953,-0.14505155
0.4457709,0.46989042,-0.1823377
0.44870225,0.4258223,-0.19596694
0.51676625,0.6266843,-0.15019287
0.5153749,0.56277734,-0.18153252
0.51368946,0.52180123,-0.19875737
0.5129067,0.48247337,-0.20138541
0.45503074,0.7829144,-2.3158765E-4
0.34346804,0.75644636,-0.08409011
0.262965,0.68666255,-0.15188825
0.32176724,0.6330181,-0.22226736
0.41575545,0.6291133,-0.27642128
0.3180787,0.59295666,-0.045661114
0.31128594,0.5186428,-0.10159683
0.32056904,0.46963036,-0.13664378
0.33403745,0.4270281,-0.1555709
0.39371717,0.58717066,-0.060774364
0.38445285,0.5054866,-0.10946097
0.38713947,0.44792145,-0.15336922
0.39589626,0.40230185,-0.17631705
0.46042544,0.5971221,-0.08484286
0.45814,0.5197772,-0.118791476
0.45644158,0.46754614,-0.16009603
0.4597235,0.42343906,-0.17736883
0.52923536,0.6225994,-0.12461454
0.52555645,0.5577135,-0.15588616
0.5222254,0.51564777,-0.17408314
0.52084666,0.47592562,-0.1776586
0.5466746,0.81040984,-3.0552896E-4
0.4291404,0.7864294,-0.076404355
0.34135148,0.7169486,-0.14304438
0.3865493,0.65781,-0.21404545
0.4782573,0.6494839,-0.2743896
0.39216366,0.62155604,-0.046597734
0.37944508,0.5460115,-0.10323352
0.385351,0.49552566,-0.14102156
0.39658916,0.45150858,-0.15877968
0.4688347,0.6152383,-0.06417281
0.4532847,0.53186125,-0.10950216
0.45163873,0.4723502,-0.15260535
0.45899883,0.42578176,-0.1753547
0.5373452,0.6246285,-0.09002913
0.5260027,0.5458675,-0.122088976
0.52068985,0.49235785,-0.1597303
0.52236336,0.4483692,-0.17625572
0.60879725,0.6480346,-0.13075058
0.5971967,0.5839279,-0.15896246
0.5900784,0.5424835,-0.17622745
0.586566,0.5034171,-0.18289137
0.5471343,0.81030846,-2.9717345E-4
0.42927766,0.7858793,-0.07902218
0.3422348,0.7155498,-0.14562772
0.3921979,0.65797305,-0.21576144
0.4843583,0.6520206,-0.2740086
0.39440078,0.6213049,-0.05078889
0.38167876,0.54659003,-0.111428395
0.38907832,0.49636918,-0.1504881
0.40205303,0.45258468,-0.16864258
0.47222918,0.6149768,-0.06798405
0.4559207,0.53178847,-0.117089026
0.4552303,0.47264206,-0.16135606
0.46369517,0.42615095,-0.18316711
0.5417762,0.6243533,-0.0939252
0.52968556,0.54537934,-0.13056865
0.5245256,0.49174947,-0.16969855
0.5262688,0.44754222,-0.18576899
0.61379087,0.6478848,-0.13459197
0.6012864,0.58385354,-0.16506776
0.5938797,0.54205,-0.18341988
0.58938706,0.5021767,-0.1899786
0.54637563,0.8090941,-2.7643607E-4
0.42787924,0.7842682,-0.07009339
0.33874273,0.71501374,-0.13878986
0.3834281,0.6575171,-0.21338128
0.47642323,0.64876103,-0.27569142
0.39436775,0.619392,-0.052273083
0.38329875,0.54416424,-0.11341418
0.38884896,0.493265,-0.15048967
0.3986205,0.44896558,-0.16710332
0.47130653,0.61389023,-0.07438009
0.45615014,0.5310172,-0.12585074
0.45337573,0.47179353,-0.16967526
0.45854893,0.42435345,-0.19175065
0.5396782,0.62423015,-0.10356563
0.52760404,0.5455201,-0.13970006
0.5220441,0.49187094,-0.17684351
0.52232224,0.44752684,-0.19251683
0.61125576,0.6483314,-0.14706154
0.5996029,0.5842919,-0.17654021
0.5914351,0.54288083,-0.19251662
0.5855961,0.50392103,-0.19818915
0.5112908,0.79963255,-1.9865738E-4
0.40424752,0.7792431,-0.11721301
0.3256073,0.7201637,-0.21251595
0.38969514,0.6723955,-0.29641414
0.4829881,0.65986633,-0.35810018
0.37862554,0.6221996,-0.11985856
0.37370384,0.55448055,-0.19800456
0.38555762,0.50693226,-0.2481401
0.40227675,0.4637881,-0.28037548
0.45704672,0.6133542,-0.123308375
0.45231816,0.53716254,-0.19034494
0.45561907,0.48147756,-0.2451456
0.46433467,0.43527347,-0.2754221
0.52593064,0.62224585,-0.13400628
0.5237458,0.5491916,-0.18530335
0.5204962,0.49932843,-0.23199107
0.52102417,0.4563806,-0.25460616
0.5955276,0.6476387,-0.16258517
0.592061,0.58876944,-0.2064472
0.5896119,0.54938555,-0.23405081
0.5874238,0.5106322,-0.24240384
0.5249318,0.8054452,-2.0821887E-4
0.41872936,0.788525,-0.124529585
0.3457498,0.7287667,-0.20591576
0.40944052,0.6723792,-0.27534664
0.49703994,0.65156484,-0.32234216
0.38065577,0.62890786,-0.092645854
0.37360388,0.55730075,-0.15493514
0.381215,0.5091053,-0.20397726
0.39243877,0.46653184,-0.23753047
0.4590125,0.61701,-0.08404768
0.44998568,0.5382965,-0.12973921
0.44649878,0.48221806,-0.18146293
0.44969374,0.436167,-0.2104101
0.5283527,0.6223017,-0.08583691
0.5221559,0.5463727,-0.11970668
0.51453435,0.4957533,-0.16565765
0.5111441,0.4527573,-0.18903841
0.5995809,0.64330393,-0.106931575
0.5928719,0.58249843,-0.14100285
0.58604467,0.54366356,-0.16598874
0.5790283,0.5066552,-0.17451592
0.5402751,0.8179687,-2.4196436E-4
0.424742,0.79727006,-0.08951103
0.33827192,0.73274267,-0.14301217
0.37443846,0.6677528,-0.19612747
0.45810276,0.64156336,-0.23302183
0.3792567,0.6346561,-0.017636463
0.36269233,0.5607393,-0.060334403
0.3653718,0.5131823,-0.095555544
0.37286183,0.4725979,-0.11744322
0.45455998,0.6227652,-0.019669868
0.4320196,0.54361063,-0.03768961
0.42492908,0.4882711,-0.076705605
0.4275798,0.44516164,-0.099302284
0.5228534,0.62775934,-0.03414048
0.50409997,0.5521992,-0.048296645
0.4906408,0.501756,-0.08777692
0.4850493,0.46017972,-0.112265944
0.59638464,0.6477588,-0.06612839
0.578053,0.58712953,-0.085743755
0.5640003,0.54790026,-0.107259825
0.5528764,0.51118064,-0.122628964
0.5576362,0.8109536,-2.1336088E-4
0.43769684,0.7891744,-0.05423122
0.35373768,0.7192341,-0.07543547
0.38400707,0.6502291,-0.1025374
0.46758857,0.62869227,-0.118826434
0.39255247,0.6330868,0.035329938
0.3777719,0.55958354,0.009318402
0.3807681,0.5132534,-0.016846387
0.38985533,0.47419536,-0.030343253
0.46274513,0.62066835,0.027719282
0.44057176,0.54050183,0.02634661
0.4329822,0.48640376,-0.0031459327
0.43733507,0.44447953,-0.0213927
0.5276381,0.62261343,0.00947312
0.50836813,0.5479561,0.008107412
0.49519905,0.49937034,-0.018828936
0.49321502,0.46051964,-0.03585079
0.59818774,0.63771206,-0.022040041
0.5787995,0.5785841,-0.031277154
0.56477845,0.5399951,-0.04148947
0.55602014,0.50419295,-0.04548208
0.5610116,0.8119027,-2.276973E-4
0.44096667,0.78994274,-0.053968854
0.35619956,0.7194623,-0.07453701
0.38812557,0.65065485,-0.10016235
0.47300732,0.6296811,-0.11282394
0.39397943,0.6328535,0.035368115
0.38005075,0.560267,0.009114714
0.3823477,0.51441884,-0.017679239
0.38972792,0.47550052,-0.033111658
0.46452498,0.6208662,0.027084904
0.44381696,0.54117495,0.024833865
0.4364542,0.4880904,-0.0050082053
0.439751,0.44658124,-0.022400986
0.5293384,0.62303036,0.0077520865
0.51258814,0.5487495,0.0051174276
0.50075614,0.5006833,-0.02344246
0.49867356,0.46175736,-0.040123545
0.59951955,0.63842237,-0.025193192
0.5833425,0.57928336,-0.035096534
0.5701069,0.54075104,-0.045730278
0.5610646,0.5049113,-0.049657945
0.63563704,0.8480721,-2.3553545E-4
0.5165502,0.8143302,-0.104713075
0.4208761,0.74974287,-0.2081455
0.4423089,0.68015766,-0.31238097
0.52765393,0.65859425,-0.41480055
0.46315014,0.6339947,-0.114976704
0.42523366,0.5434721,-0.19499117
0.41766885,0.48325765,-0.24506935
0.41878054,0.43020207,-0.27428755
0.5525842,0.6234125,-0.13833722
0.51064503,0.5226195,-0.21023665
0.49281213,0.4521675,-0.2667386
0.4869296,0.39627224,-0.29677367
0.6412489,0.63311505,-0.1705603
0.60533226,0.5353979,-0.23638982
0.5845207,0.4705307,-0.29214057
0.57055604,0.41750646,-0.32461902
0.73905706,0.6587261,-0.2164087
0.729684,0.5766262,-0.27836007
0.7193554,0.5233091,-0.32232866
0.7099609,0.47346097,-0.3496136
0.6472569,0.85368615,-2.4193275E-4
0.5281145,0.819631,-0.09770304
0.43029732,0.75514,-0.19620223
0.4523958,0.68620914,-0.29759875
0.5378373,0.6668588,-0.39499518
0.47053564,0.6397593,-0.10324849
0.432926,0.55110365,-0.1803269
0.42521888,0.49209943,-0.22813664
0.4274816,0.43934876,-0.25646502
0.5594635,0.6287071,-0.12931097
0.5173179,0.52867067,-0.19809435
0.50024337,0.4577158,-0.2535551
0.49581945,0.40157637,-0.28100833
0.6473816,0.63826615,-0.1639421
0.61270577,0.54158074,-0.223974
0.59239644,0.47682345,-0.2764688
0.58029675,0.4236368,-0.30583724
0.7440294,0.66449815,-0.21210803
0.73493695,0.584323,-0.26876965
0.7237203,0.5314796,-0.3096753
0.71460855,0.48159927,-0.33349943
0.6121383,0.8282023,-3.03655E-4
0.49070787,0.7973407,-0.09488341
0.39898986,0.72893584,-0.21022174
0.41700175,0.66844416,-0.33372748
0.50181335,0.66119146,-0.45702645
0.47021052,0.6183391,-0.12193496
0.45783514,0.52984154,-0.21591479
0.4708975,0.47186986,-0.26299047
0.48980758,0.41802424,-0.2909678
0.5557986,0.6165427,-0.16161345
0.5422524,0.52106076,-0.26184857
0.5441159,0.45083672,-0.32595065
0.55366594,0.3910743,-0.3630549
0.6373372,0.63515043,-0.2083326
0.6239115,0.5429268,-0.29103914
0.6243622,0.47851115,-0.35040584
0.62988764,0.42293516,-0.38572004
0.72280514,0.671424,-0.26668814
0.718109,0.5942821,-0.34015065
0.7159782,0.54379016,-0.3927768
0.71681345,0.49466586,-0.42145672
0.6155583,0.83105814,-3.0761515E-4
0.4959194,0.8004281,-0.10023554
0.40595818,0.73278904,-0.22215222
0.42226803,0.6717922,-0.3522672
0.5070234,0.66138256,-0.48258203
0.47629172,0.61999196,-0.1278891
0.4640432,0.53151727,-0.222276
0.47659457,0.47354195,-0.26967704
0.4945012,0.41924933,-0.29727885
0.56229764,0.61835724,-0.16740541
0.5489142,0.523064,-0.26921237
0.550085,0.4529189,-0.3345203
0.55829865,0.3928798,-0.3718078
0.64470077,0.63738817,-0.21489261
0.631116,0.5446681,-0.3012338
0.6303682,0.48015234,-0.3639931
0.6340765,0.42438477,-0.40065312
0.7310782,0.6743719,-0.27361864
0.72677493,0.59631294,-0.35010973
0.72413146,0.54590654,-0.40697148
0.72360647,0.49681747,-0.43971038
0.5960891,0.8531256,-2.1330871E-4
0.47981206,0.8227422,-0.14581592
0.39989597,0.76345456,-0.26701015
0.45216462,0.70084715,-0.37850267
0.53644395,0.6716221,-0.4776086
0.4329102,0.63488996,-0.16201857
0.4175133,0.54068214,-0.24624544
0.4217831,0.47985655,-0.29945213
0.4301066,0.4278278,-0.32957625
0.5302055,0.6239943,-0.16349073
0.5058225,0.51933,-0.2335277
0.50055563,0.44850385,-0.29136503
0.5022931,0.39143074,-0.32205793
0.62149096,0.63502,-0.17329553
0.5996307,0.5351023,-0.23637956
0.59107244,0.470418,-0.29400763
0.5848916,0.4160986,-0.32344994
0.7184976,0.66416514,-0.20315729
0.7130077,0.5841592,-0.2632988
0.7068801,0.53279996,-0.30497974
0.6984414,0.48408616,-0.32795814
0.5967439,0.8377351,-2.4510955E-4
0.4640318,0.80652773,-0.10805943
0.36224818,0.74498343,-0.20208418
0.35844284,0.6772355,-0.29651448
0.4181587,0.6434105,-0.38091782
0.434575,0.6198209,-0.07972245
0.41522077,0.52922827,-0.14581062
0.41801855,0.47131795,-0.19276215
0.42373836,0.42268676,-0.22306742
0.52283937,0.61176246,-0.09456786
0.50202996,0.5121707,-0.14332616
0.49695426,0.44633213,-0.19784418
0.49773237,0.39104635,-0.22958991
0.6069455,0.6230092,-0.12231275
0.58816564,0.5276988,-0.16243136
0.5804719,0.46752977,-0.21190338
0.5746492,0.41625935,-0.24416466
0.6982106,0.6500402,-0.16509412
0.68991125,0.5748586,-0.20903003
0.68386924,0.52623504,-0.24480519
0.67705363,0.4810187,-0.26818922
0.5995689,0.83800817,-2.6093505E-4
0.4684546,0.8071557,-0.10822422
0.3650001,0.74583286,-0.2032856
0.36008736,0.6780746,-0.29745004
0.4230247,0.6430788,-0.38045132
0.43745443,0.61966026,-0.08228912
0.4175514,0.5290246,-0.14740354
0.42092875,0.4715483,-0.19198096
0.4273397,0.4241776,-0.22126581
0.52577406,0.61141986,-0.0983749
0.50445265,0.5121532,-0.14544031
0.500247,0.44613588,-0.19791763
0.5024906,0.39188495,-0.22945157
0.6105265,0.6232494,-0.1264081
0.59050655,0.5280771,-0.16658579
0.58291894,0.46679318,-0.21525621
0.57816267,0.4154858,-0.2486083
0.7029549,0.651376,-0.16979946
0.69327205,0.5753173,-0.21538413
0.68749696,0.52590865,-0.25172776
0.68203056,0.48057103,-0.27736747
0.59528905,0.8324193,-2.673334E-4
0.4623331,0.80366594,-0.10677461
0.36040354,0.7416572,-0.1988168
0.3527394,0.67302746,-0.2920852
0.4124058,0.6390903,-0.37591276
0.43726057,0.61574453,-0.070575684
0.41596365,0.523011,-0.13381594
0.4187243,0.4636189,-0.17946662
0.42491287,0.41391438,-0.20802936
0.5255298,0.608309,-0.0851942
0.5033783,0.50653964,-0.13284285
0.49870455,0.43906498,-0.18642837
0.50029737,0.38356188,-0.21735336
0.60934466,0.61949176,-0.11232776
0.5893309,0.5220276,-0.15161279
0.58311945,0.4604252,-0.20041078
0.57902366,0.40900356,-0.23078313
0.699773,0.6460959,-0.15498233
0.69185466,0.569865,-0.19746289
0.68585896,0.51994556,-0.2348396
0.6784927,0.4736979,-0.25704202
0.7116502,0.62059295,-1.5805136E-4
0.63008153,0.5943147,-0.034509998
0.58286417,0.5364817,-0.06143949
0.6315931,0.49406445,-0.095210284
0.70477843,0.49112722,-0.11846449
0.62561214,0.47176445,0.013404683
0.6145048,0.41796935,-0.017588133
0.61621934,0.3798196,-0.042182148
0.6223078,0.3474204,-0.056679044
0.6779506,0.46804556,-0.0053139757
0.67141676,0.40821382,-0.020649673
0.67176896,0.3636977,-0.04866064
0.67853296,0.32976836,-0.06273477
0.72279596,0.47564536,-0.032070305
0.72404516,0.41878226,-0.04810004
0.7232162,0.37827894,-0.07765278
0.7279142,0.34506798,-0.09361375
0.7684475,0.49405378,-0.06723501
0.77303827,0.44689363,-0.08402909
0.7733727,0.4153354,-0.094459824
0.77683526,0.38585535,-0.09718688
0.7106794,0.6213647,-1.9260621E-4
0.6293464,0.59453446,-0.02691499
0.5818205,0.536606,-0.052745827
0.63183796,0.49498641,-0.08650452
0.70514274,0.49183905,-0.11086046
0.6276732,0.471621,0.019033434
0.61795086,0.4177188,-0.011515885
0.6197298,0.3796852,-0.03435165
0.62563205,0.3473361,-0.047719035
0.68092924,0.46875367,-0.005003282
0.67553574,0.40804964,-0.02231745
0.6774358,0.36393392,-0.049996804
0.6859241,0.3295533,-0.0640018
0.7270815,0.4773054,-0.036018692
0.72903955,0.4196412,-0.051837932
0.72630876,0.3791157,-0.0796023
0.73033667,0.34551224,-0.09339412
0.7741416,0.49702156,-0.07568507
0.77708894,0.4483737,-0.091253236
0.77538466,0.4161616,-0.10125764
0.7782661,0.3852724,-0.10259711
0.7069673,0.62068176,-1.6343188E-4
0.62625927,0.5944127,-0.030352999
0.57944137,0.5368395,-0.057536673
0.6285385,0.4954702,-0.092193216
0.7014547,0.49223554,-0.11734714
0.6237695,0.4704145,0.016494622
0.6141489,0.41593403,-0.012377658
0.6173604,0.3778569,-0.03626148
0.62578833,0.34596032,-0.050659344
0.6768543,0.46755832,-0.00376434
0.6707881,0.40723413,-0.017026922
0.6729624,0.36350125,-0.043838803
0.6816319,0.32964915,-0.057801593
0.7227645,0.4758452,-0.03144035
0.72454834,0.41912788,-0.043880835
0.72394216,0.37917024,-0.07276447
0.73001075,0.34621382,-0.088499054
0.76960397,0.49509075,-0.06790738
0.77197486,0.4475281,-0.081542715
0.77073157,0.41609475,-0.09240741
0.77378726,0.3858819,-0.09561824
0.7011098,0.6214243,-1.5304593E-4
0.61973584,0.59482723,-0.034281313
0.57254,0.5371451,-0.057880066
0.6212249,0.49451706,-0.08788538
0.6942748,0.48910454,-0.107304916
0.6147562,0.47129464,0.018419424
0.6032663,0.41790736,-0.012499436
0.60658795,0.3805014,-0.037762754
0.614432,0.3489418,-0.052728087
0.6675811,0.46730635,-2.1191238E-4
0.6619325,0.40789613,-0.01347458
0.664179,0.36380893,-0.04155774
0.6725924,0.33095056,-0.055227097
0.7127708,0.47508356,-0.027514016
0.7151693,0.4188492,-0.043147683
0.71465707,0.37853804,-0.07435455
0.71987677,0.34594876,-0.092157945
0.75895524,0.4941467,-0.06376074
0.7639373,0.44808313,-0.08079046
0.76447886,0.41661012,-0.093098156
0.7683196,0.38693875,-0.09764249
0.695631,0.6212797,-1.73687E-4
0.6141306,0.59496903,-0.03153482
0.5675835,0.53699046,-0.057022057
0.6161488,0.4947512,-0.088959605
0.6885375,0.49153295,-0.111822926
0.6119775,0.47204638,0.014165398
0.60218054,0.41791543,-0.014737804
0.60398215,0.38030362,-0.03818684
0.61056185,0.3486276,-0.05260555
0.66486645,0.46849638,-0.005524901
0.6585781,0.40825894,-0.01942238
0.65998745,0.36450964,-0.04610228
0.6678003,0.3305301,-0.05996484
0.7097542,0.4761258,-0.032779396
0.7112349,0.41936016,-0.0464436
0.7100679,0.3792384,-0.075188056
0.7155672,0.34620717,-0.091391064
0.75543875,0.49478343,-0.06843714
0.7584702,0.44741344,-0.08385782
0.7576879,0.41588646,-0.094870426
0.7607854,0.38573515,-0.09878337
0.7058558,0.61920553,-1.7314461E-4
0.621388,0.59438384,-0.030482678
0.5685609,0.53586483,-0.0517048
0.6151681,0.4921457,-0.07843691
0.690709,0.48866066,-0.09421305
0.6157015,0.4694263,0.021979326
0.60667926,0.41617614,-0.0062113157
0.60823816,0.37872154,-0.028700532
0.61359483,0.3463762,-0.04327991
0.66858774,0.46449843,0.0041963477
0.66383904,0.40463036,-0.007710252
0.66476053,0.36178714,-0.034141053
0.67216897,0.3274732,-0.04811868
0.7143013,0.47101665,-0.020915018
0.7161423,0.41382638,-0.030771457
0.71408796,0.37490064,-0.056006182
0.7180434,0.3421167,-0.068435356
0.7609892,0.48943508,-0.054980233
0.76462823,0.4427832,-0.06614591
0.7638247,0.41181898,-0.07354543
0.76700836,0.3817982,-0.073299654
0.7070795,0.61885875,-1.749307E-4
0.6228566,0.59382886,-0.029715637
0.5701662,0.53600895,-0.051975507
0.6157214,0.49256033,-0.08040361
0.6906273,0.4884316,-0.09943255
0.6174041,0.4691862,0.021766966
0.6089577,0.4156191,-0.006861908
0.61127687,0.37793845,-0.029570093
0.6174102,0.34587842,-0.044081096
0.6702894,0.46474558,0.0029738348
0.665239,0.4044321,-0.009176275
0.66665524,0.36143503,-0.036247764
0.67424476,0.327465,-0.050840486
0.715946,0.47168416,-0.022824468
0.71732444,0.41456607,-0.033020448
0.71542686,0.37550694,-0.057934973
0.71959645,0.3429,-0.07059251
0.7625723,0.49038804,-0.057503417
0.76539373,0.4431476,-0.06918507
0.76456434,0.41226858,-0.07619053
0.76779795,0.3826198,-0.07609864
0.7203413,0.6374047,-1.6828075E-4
0.62337446,0.611242,-0.054544248
0.56242156,0.54482585,-0.08870626
0.61924654,0.49146456,-0.12702626
0.70736825,0.480802,-0.15198775
0.6026852,0.46549675,0.010199951
0.59251446,0.40115386,-0.031026466
0.59637326,0.3558563,-0.06428985
0.60443455,0.31686345,-0.08768757
0.6674955,0.45926252,-0.006736241
0.6592188,0.3886792,-0.03178011
0.65850246,0.33717903,-0.07196671
0.66526914,0.29586637,-0.09299921
0.7245059,0.46694133,-0.03430545
0.72322536,0.39899957,-0.057588845
0.71897334,0.35200006,-0.09976905
0.72182584,0.31237984,-0.12170898
0.7829216,0.48812878,-0.07403032
0.78346884,0.4329944,-0.09788562
0.7814478,0.39635003,-0.11452009
0.7824892,0.36056107,-0.11882838
0.7182106,0.6378541,-1.7327536E-4
0.6207982,0.61016697,-0.049289916
0.5598651,0.5440848,-0.08359006
0.6125958,0.49060577,-0.123815514
0.699834,0.4822518,-0.1538082
0.60063094,0.46495882,0.008516905
0.5909395,0.4004321,-0.03130439
0.5947925,0.35574538,-0.06363502
0.60238016,0.31670988,-0.0841172
0.6645661,0.45916674,-0.010166855
0.6569954,0.38861156,-0.035966653
0.6556722,0.33772585,-0.07572992
0.66180617,0.29613942,-0.09541548
0.720322,0.46681628,-0.037735384
0.7186843,0.39940137,-0.05922789
0.7142456,0.35326236,-0.097863406
0.71659106,0.31424677,-0.116492674
0.7775801,0.48787308,-0.076744676
0.77841866,0.43321136,-0.09837908
0.7762756,0.39715582,-0.113480985
0.77685344,0.36198628,-0.115894526
0.7169797,0.63788575,-1.6301028E-4
0.6186419,0.6102883,-0.05002995
0.55697936,0.54456,-0.08165661
0.61054474,0.49118212,-0.118711665
0.6974039,0.48175257,-0.1455567
0.5978051,0.46508265,0.01441791
0.58778596,0.40044856,-0.022270568
0.59176016,0.35581112,-0.05407267
0.6000914,0.31716833,-0.07465349
0.66133654,0.45876718,-0.002358546
0.65302896,0.38880306,-0.022816932
0.6517494,0.3383367,-0.061306622
0.6578813,0.29718354,-0.08054759
0.7165467,0.466053,-0.02844578
0.71455276,0.3991932,-0.04622228
0.710027,0.35370767,-0.08544383
0.7124024,0.31506446,-0.105377786
0.7732784,0.48690036,-0.0664308
0.77381074,0.4329757,-0.08645571
0.7718865,0.3972087,-0.101985686
0.77285737,0.36195463,-0.10591348
0.70494103,0.62226903,-1.3821942E-4
0.6108733,0.59630466,-0.043094575
0.55436885,0.53667736,-0.06773312
0.59655625,0.48702204,-0.09757166
0.67072934,0.48052943,-0.11708054
0.5862983,0.46641916,0.01728351
0.5773529,0.409912,-0.0150719425
0.5823589,0.37127325,-0.0408469
0.5931133,0.33820447,-0.056506246
0.642182,0.45951495,0.0053536054
0.6321313,0.3969991,-0.0078083356
0.6302267,0.35270143,-0.036605492
0.6370209,0.31654972,-0.051686205
0.6923672,0.46339682,-0.017003972
0.6882648,0.40440002,-0.03064555
0.6827189,0.3639275,-0.06460691
0.6852763,0.3293276,-0.082699746
0.7453802,0.47924873,-0.047960866
0.74180114,0.43194214,-0.06553533
0.73770744,0.4008647,-0.07929902
0.7374812,0.36991093,-0.08374245
0.70112264,0.620437,-1.6393675E-4
0.60995615,0.5943624,-0.04060555
0.55317426,0.5350251,-0.0645332
0.59785604,0.48770526,-0.093346566
0.6730949,0.48336482,-0.112630926
0.58982587,0.46566784,0.021040216
0.5803332,0.41081268,-0.011706747
0.58365923,0.37245315,-0.037393916
0.5920266,0.33959937,-0.0518869
0.6454872,0.45948863,0.008957927
0.6364845,0.39781526,-0.004666365
0.63437116,0.35375595,-0.03339872
0.6404317,0.31795502,-0.04666408
0.6944658,0.4643388,-0.011703555
0.69203794,0.40570292,-0.024875447
0.68637794,0.36559278,-0.056129478
0.6880193,0.33152556,-0.07148553
0.7449892,0.48099336,-0.040736094
0.7439521,0.43336576,-0.05520355
0.7403404,0.40243262,-0.0654015
0.74031,0.37183422,-0.066741884
0.6973378,0.6184537,-1.5369368E-4
0.60899806,0.59181625,-0.042118143
0.5541365,0.5336208,-0.06698126
0.59922963,0.48739973,-0.096067
0.67272264,0.48095357,-0.11433529
0.5921293,0.46501538,0.01606235
0.582924,0.41033408,-0.018313063
0.58665884,0.37180215,-0.04559142
0.5955824,0.33860624,-0.062840685
0.64729947,0.45990816,0.0029400075
0.63794637,0.39845815,-0.014945933
0.63723946,0.35483497,-0.046885695
0.64417356,0.31934112,-0.06241173
0.6954857,0.46571356,-0.01847304
0.693208,0.40735835,-0.037129097
0.6884415,0.36740935,-0.07162341
0.6908214,0.33337387,-0.0892618
0.7451608,0.48332527,-0.048508465
0.7446812,0.43649065,-0.068564385
0.7419425,0.40543914,-0.08246012
0.7429357,0.3745058,-0.086302094
0.6969682,0.6168458,-1.5781836E-4
0.6084663,0.59016144,-0.036553953
0.55474776,0.53158456,-0.061788015
0.6023914,0.48682112,-0.09263859
0.6778003,0.48182845,-0.11201109
0.5953691,0.46403396,0.021267267
0.58766323,0.4090287,-0.010564862
0.5914929,0.3707791,-0.03556459
0.6002164,0.33794326,-0.052047312
0.6501298,0.4592385,0.0049304604
0.6432287,0.3979817,-0.011582374
0.6416047,0.35410976,-0.04076491
0.6480002,0.31861413,-0.055535056
0.6980442,0.46504378,-0.019559698
0.69705236,0.40727878,-0.036469202
0.6906543,0.36731374,-0.06777789
0.6919937,0.33374578,-0.08302143
0.7473601,0.48253304,-0.053041283
0.7465116,0.4350974,-0.07167565
0.7418089,0.40389365,-0.084675334
0.7419111,0.37331498,-0.08810913
0.6907494,0.6099335,-1.5818259E-4
0.6080674,0.5862201,-0.03594866
0.55629987,0.5293941,-0.06024626
0.60252863,0.48447645,-0.08928654
0.6762455,0.4779076,-0.107607104
0.5977565,0.46274874,0.018395592
0.5879328,0.40910515,-0.013989798
0.5895534,0.37120932,-0.039321326
0.5961583,0.33848497,-0.05623192
0.65027535,0.4579473,-6.687902E-4
0.641705,0.39793876,-0.019660195
0.6403938,0.3542296,-0.05106268
0.64613897,0.3192371,-0.068648085
0.6967183,0.46467012,-0.027846029
0.6949636,0.4075992,-0.046401825
0.68947375,0.36759838,-0.07863433
0.6915945,0.3340002,-0.09614013
0.74530524,0.48292983,-0.064425446
0.74441224,0.43538308,-0.08430568
0.7407024,0.40390044,-0.09787068
0.74154985,0.3733102,-0.10222258
0.70619243,0.60986024,-1.7295078E-4
0.6194054,0.58567715,-0.043774106
0.5671139,0.526943,-0.06997915
0.6217488,0.484418,-0.09957757
0.697998,0.48217672,-0.1151418
0.60933596,0.46147633,0.013535194
0.5987589,0.40694147,-0.023656938
0.6022276,0.36858952,-0.0525538
0.61139584,0.33507788,-0.071857706
0.6649905,0.4569246,-0.003371604
0.65491503,0.39708188,-0.028024796
0.6534446,0.35349977,-0.060151085
0.6583342,0.31753063,-0.076196745
0.7139646,0.46359643,-0.02894405
0.711568,0.40757588,-0.04941333
0.7047809,0.36805382,-0.082934454
0.70586026,0.3346483,-0.09693316
0.76363826,0.4825891,-0.06478768
0.76061743,0.43577233,-0.08677777
0.75607336,0.40413415,-0.09953422
0.7571126,0.37360474,-0.10185389
0.7248216,0.618618,-1.7311863E-4
0.65249395,0.58720016,-0.0154153295
0.6172176,0.52866113,-0.033214636
0.66163826,0.48622432,-0.06043473
0.72763664,0.4801771,-0.08308479
0.66985327,0.47514716,0.039107002
0.66068923,0.4239657,0.010798561
0.657551,0.38972777,-0.009958295
0.6600752,0.36194858,-0.020977827
0.7195116,0.47371083,0.010427328
0.7147697,0.41490313,-0.0022274698
0.7117299,0.3733536,-0.023059843
0.71548605,0.34309328,-0.034792542
0.7618399,0.4828349,-0.02733985
0.7607344,0.4274721,-0.039694216
0.75366735,0.3895316,-0.06046997
0.75374895,0.35940862,-0.07168134
0.80429447,0.5027265,-0.071176454
0.8077813,0.45692617,-0.089715585
0.80445373,0.4261682,-0.0973313
0.8048469,0.39702478,-0.10290262
0.7244134,0.61860317,-1.7042807E-4
0.6533067,0.5867267,-0.015166611
0.6188441,0.52746624,-0.033133477
0.6641538,0.48514044,-0.060877424
0.7301258,0.47910598,-0.08466312
0.6712514,0.47401503,0.040591206
0.66158426,0.42339754,0.012023169
0.65863836,0.38943395,-0.008094207
0.6616546,0.3609838,-0.018803194
0.72006714,0.47263628,0.01034069
0.7128997,0.41509447,-0.003965154
0.71045494,0.37377408,-0.023853652
0.7158454,0.34236217,-0.03533657
0.7618259,0.48217204,-0.029391097
0.75957483,0.42809457,-0.04518532
0.75248253,0.3897163,-0.06978327
0.7532844,0.35845163,-0.08313679
0.8040917,0.503028,-0.075200245
0.80890566,0.45817244,-0.10057696
0.80642617,0.42709383,-0.11350203
0.807827,0.39708608,-0.122593805
0.72158015,0.61679435,-1.6929636E-4
0.6501244,0.585102,-0.0138012655
0.6154332,0.5271369,-0.03296968
0.65825355,0.48407248,-0.06094526
0.72439575,0.47615784,-0.08573308
0.66551626,0.47110057,0.041535925
0.66105247,0.42047477,0.013329185
0.66016686,0.38622338,-0.007342717
0.66304094,0.3580091,-0.018848183
0.7148836,0.47004837,0.011027236
0.71277416,0.4126691,-0.0022255452
0.71129996,0.3717136,-0.025105782
0.71531963,0.34182352,-0.038793214
0.75654954,0.47985595,-0.028073002
0.759396,0.42549157,-0.042231813
0.7544091,0.38823754,-0.06707995
0.7555292,0.35912293,-0.08243143
0.7980705,0.5001708,-0.07401628
0.80289286,0.4541571,-0.09425518
0.80084306,0.42377174,-0.10381628
0.8015187,0.39552167,-0.11011065
0.72190493,0.6153165,-1.5734129E-4
0.6488237,0.58437705,-0.012502507
0.6132527,0.5251373,-0.029253708
0.65759563,0.4824024,-0.055769235
0.7243257,0.47705385,-0.07881772
0.6651001,0.46949464,0.041699994
0.65797925,0.41950944,0.014726352
0.65593547,0.38610438,-0.003482003
0.65904367,0.3583287,-0.013220819
0.7132717,0.46855557,0.010656287
0.70932615,0.41141337,-0.0013167748
0.70687306,0.37078038,-0.020996373
0.7116059,0.3403418,-0.032023806
0.75386155,0.4784786,-0.029339388
0.7542158,0.4244907,-0.04284247
0.7482162,0.38709998,-0.06545142
0.74935573,0.35679823,-0.078801736
0.7947326,0.4994872,-0.07553621
0.7994838,0.45469594,-0.09853036
0.7973077,0.42439184,-0.11003882
0.7988411,0.39525682,-0.11770515
0.7227118,0.6149509,-1.703532E-4
0.64928263,0.58330464,-0.015773283
0.61246943,0.5246409,-0.03206987
0.6554098,0.48144475,-0.0567581
0.7219782,0.47445163,-0.076917134
0.66752553,0.47026655,0.04202401
0.6606453,0.4194014,0.015417395
0.6589606,0.38598165,-0.002730195
0.66211385,0.3576972,-0.013367374
0.7163718,0.46865666,0.013554408
0.7110713,0.41099498,5.861892E-4
0.7088391,0.37069523,-0.0212916
0.71394134,0.34024423,-0.034038216
0.75779074,0.4777356,-0.02331488
0.75671506,0.42354733,-0.036872227
0.7499593,0.38647008,-0.063163176
0.7516594,0.35681677,-0.07913466
0.7993458,0.4979813,-0.067346744
0.8023969,0.4532857,-0.08987482
0.79940075,0.42286587,-0.10331885
0.80088586,0.3933968,-0.113370016
0.7079045,0.6177931,-2.3283903E-4
0.63144255,0.5883691,-0.043173034
0.59028697,0.5316321,-0.073478214
0.6420835,0.48645905,-0.10443475
0.71518016,0.47666818,-0.12620483
0.6319144,0.4703907,-0.0016907783
0.6277034,0.415434,-0.04216144
0.6325451,0.37973183,-0.07238511
0.63997364,0.34898448,-0.090953454
0.6875306,0.46745995,-0.020629883
0.68356174,0.40769613,-0.048311785
0.68545103,0.36583143,-0.08127638
0.6925766,0.33161396,-0.099884205
0.73584145,0.47678182,-0.04715675
0.73777074,0.41995612,-0.07287425
0.733847,0.38150832,-0.10912777
0.7356751,0.3486429,-0.12808794
0.7854744,0.4985644,-0.0826831
0.7880583,0.45205078,-0.1130375
0.7872007,0.4208249,-0.12948686
0.7890978,0.39009225,-0.13702753
0.708718,0.6182931,-1.605206E-4
0.6330613,0.58666664,-0.03486362
0.5956325,0.52994233,-0.0610671
0.64795214,0.48664865,-0.09074551
0.72061616,0.4782324,-0.111882746
0.64416885,0.46879265,0.0059535997
0.63751525,0.41413933,-0.03359148
0.64084464,0.3781336,-0.06083792
0.6487033,0.3475607,-0.07751558
0.69913,0.46711406,-0.017632293
0.692201,0.40692562,-0.045570187
0.6914489,0.36490756,-0.07764315
0.69842154,0.33196253,-0.09570266
0.74635476,0.477865,-0.048256926
0.74506074,0.42174754,-0.07698756
0.7379018,0.3824892,-0.11833303
0.74086636,0.34990662,-0.14160143
0.79416794,0.50096744,-0.087402456
0.7953862,0.4549926,-0.12287675
0.791722,0.42342883,-0.14892618
0.79251456,0.3927321,-0.16679315
0.7194901,0.6258993,-1.573766E-4
0.64300317,0.5969023,-0.04738014
0.6026235,0.53660977,-0.076840706
0.65455043,0.49069375,-0.1068011
0.72713953,0.48084003,-0.12809512
0.65005106,0.4707566,0.0028591726
0.6428443,0.41760632,-0.03971431
0.6456355,0.3807923,-0.0729033
0.65299356,0.34925365,-0.09610942
0.7080321,0.4681182,-0.014600685
0.70192736,0.40799868,-0.04054456
0.70430976,0.36406356,-0.0794815
0.71316564,0.33109868,-0.10452966
0.75743943,0.47872368,-0.041948907
0.75980484,0.4228812,-0.06796339
0.75538087,0.38322908,-0.110290386
0.7591146,0.35109937,-0.13820414
0.8069246,0.50236315,-0.07991588
0.80960596,0.4552727,-0.11248373
0.8066909,0.42330647,-0.13651657
0.80765843,0.3920462,-0.155145
0.71969384,0.6249096,-1.5545724E-4
0.64187336,0.5962493,-0.043587286
0.60046434,0.5354428,-0.072642244
0.6534914,0.4901871,-0.102834426
0.7271864,0.4803949,-0.12352515
0.6471318,0.46926543,0.0068829022
0.6405368,0.4164655,-0.03785179
0.64371693,0.3805406,-0.07105946
0.6504828,0.3499023,-0.092873976
0.7053403,0.46625638,-0.012590327
0.6993122,0.40722194,-0.039038703
0.7013191,0.3637004,-0.07660596
0.7094213,0.3307832,-0.100191444
0.7550609,0.47712627,-0.0422763
0.75785804,0.42202973,-0.06918801
0.75369084,0.38272023,-0.112706125
0.7563275,0.35029006,-0.14070375
0.8045308,0.5013248,-0.082428545
0.8078597,0.45532835,-0.11759875
0.8041804,0.42365152,-0.14419185
0.8036915,0.3923379,-0.16341709
0.71622604,0.60393566,-1.6063185E-4
0.6432115,0.57961065,-0.064852536
0.6051775,0.52628624,-0.099760644
0.6694996,0.48727536,-0.12867291
0.74734783,0.4777788,-0.1383047
0.63990605,0.46080503,-0.01709435
0.6320536,0.40918738,-0.057167236
0.6330051,0.3734559,-0.089281686
0.63739634,0.34252155,-0.11394254
0.6955463,0.45643938,-0.024021901
0.68960375,0.39863554,-0.04977661
0.68998724,0.35665983,-0.086838804
0.6947743,0.323218,-0.10801792
0.7429126,0.46458238,-0.039937448
0.7450094,0.41016993,-0.065123655
0.7412433,0.3718754,-0.10640326
0.7432957,0.33865303,-0.13093121
0.7891815,0.484924,-0.06906441
0.79268813,0.44162425,-0.09982218
0.79087085,0.41210502,-0.1249081
0.7912624,0.38335815,-0.1376598
0.71668714,0.6031846,-1.6284367E-4
0.6431478,0.57916427,-0.06455544
0.6052908,0.52596104,-0.0996034
0.6693955,0.48694155,-0.12877655
0.74704754,0.47750524,-0.13816364
0.64004576,0.4604107,-0.017939618
0.6313796,0.40853298,-0.05843887
0.6323681,0.37264436,-0.09034576
0.6373346,0.34162706,-0.11455459
0.69553435,0.45618477,-0.024691558
0.68877864,0.39823073,-0.05092801
0.6892779,0.35612136,-0.087260015
0.6945229,0.32248074,-0.10846404
0.74293983,0.4643676,-0.0403876
0.7444062,0.40993756,-0.065719634
0.7409605,0.3716368,-0.10661925
0.7436693,0.33836937,-0.1307179
0.78943986,0.4847314,-0.06909786
0.79236084,0.44125056,-0.10009699
0.790485,0.41185626,-0.12486726
0.7911931,0.38312447,-0.13717833
0.73854667,0.596773,-1.5144223E-4
0.6660458,0.56617993,-0.022816101
0.6324197,0.51043296,-0.028489102
0.6800916,0.4684253,-0.038909562
0.74805194,0.45889035,-0.042174052
0.67500556,0.46158582,0.061142806
0.6647593,0.41308942,0.044812355
0.661265,0.38105762,0.029582756
0.66181517,0.35385242,0.018073084
0.72113484,0.4576464,0.045704678
0.7141868,0.40498108,0.045621358
0.7106162,0.36801076,0.0232759
0.7134477,0.33988672,0.010281433
0.7599169,0.46358386,0.020013284
0.7577745,0.41453385,0.01676892
0.7488889,0.3805479,-0.009959173
0.7485661,0.35334656,-0.02738963
0.79916525,0.4797068,-0.013289286
0.7963257,0.4401372,-0.027309606
0.79172534,0.4128623,-0.04095193
0.7915479,0.38692307,-0.049815502
0.74019074,0.5966979,-1.4949657E-4
0.6692198,0.5662817,-0.027808657
0.6400658,0.50997466,-0.029952694
0.6957258,0.4683894,-0.034887027
0.76296204,0.45894527,-0.029802306
0.67973566,0.4634444,0.05797774
0.66973126,0.41368696,0.04099425
0.66767204,0.38152915,0.02642646
0.67018986,0.35445952,0.016032834
0.72869694,0.4594626,0.04655127
0.72121656,0.40583146,0.047250178
0.71922755,0.36908263,0.024493888
0.72374964,0.341667,0.011970593
0.7700741,0.4657951,0.023840588
0.7678123,0.41608763,0.019164165
0.7589736,0.38168806,-0.01015238
0.7596577,0.35462084,-0.028401582
0.810695,0.4824393,-0.0065663545
0.80743,0.4426877,-0.023385333
0.8030757,0.41506678,-0.041007772
0.80407673,0.38828993,-0.05170241
0.744818,0.5979133,-1.322155E-4
0.67242664,0.5685983,-0.02348984
0.64221454,0.51261306,-0.030556703
0.6934117,0.47026244,-0.040412042
0.7595232,0.4596329,-0.041834943
0.6845294,0.4627597,0.0514834
0.6758197,0.4134488,0.033949323
0.67553294,0.3812103,0.020493146
0.67889684,0.3542825,0.011644567
0.733566,0.45902804,0.03652195
0.7278328,0.40728992,0.035421085
0.72791564,0.36994523,0.014227445
0.7335658,0.34232354,0.0011819364
0.7731245,0.46672076,0.011100618
0.7735057,0.41821283,0.0050953072
0.76689893,0.3838102,-0.024139013
0.7689436,0.35693282,-0.04452516
0.8113021,0.48524648,-0.021612361
0.81076413,0.4463759,-0.04111854
0.80741996,0.4189023,-0.061407473
0.80906594,0.39270437,-0.07524125
0.74614745,0.5995779,-1.4854954E-4
0.6748242,0.56966174,-0.021031247
0.64454246,0.51414365,-0.028360981
0.69436616,0.47212017,-0.03994778
0.76010454,0.46182913,-0.043434743
0.68818206,0.465221,0.05103112
0.6800842,0.4151056,0.033868752
0.68024427,0.38177666,0.020348176
0.6850005,0.3539154,0.010414486
0.7364202,0.46225032,0.03348121
0.731539,0.40876484,0.029290946
0.73214155,0.37046257,0.005505711
0.7394605,0.3424508,-0.009525412
0.77583086,0.469846,0.006335192
0.776961,0.41991556,-0.0018581788
0.7708491,0.3850021,-0.03170946
0.77462137,0.35834163,-0.05262397
0.81465083,0.4876784,-0.027625298
0.8137999,0.44694963,-0.047168612
0.81006974,0.4191146,-0.0666728
0.81210387,0.39299864,-0.08059613
0.74972147,0.6038307,-1.5902285E-4
0.6771333,0.5738119,-0.024061225
0.6481419,0.51782304,-0.037445012
0.6959652,0.47506955,-0.055324353
0.7617885,0.46304128,-0.06660658
0.69004154,0.46679303,0.041369002
0.6788888,0.41588405,0.016572159
0.6758955,0.38186848,-0.0033589257
0.67802393,0.3532733,-0.018135875
0.73786163,0.46382567,0.020090533
0.7307441,0.40837702,0.011543443
0.72707623,0.36799225,-0.016228901
0.7305789,0.3383764,-0.035365723
0.7778065,0.47182614,-0.010847199
0.77746034,0.4194313,-0.02301961
0.7689996,0.38200235,-0.053249802
0.7695155,0.35244012,-0.07478891
0.81773996,0.49028385,-0.049483847
0.8176497,0.44700977,-0.072899446
0.8133775,0.41751194,-0.09192421
0.8137144,0.3892733,-0.10571937
0.74978113,0.60247403,-1.5614253E-4
0.6767262,0.5738153,-0.026603986
0.64561814,0.517548,-0.03997267
0.69276726,0.4743324,-0.05726525
0.75913036,0.46263185,-0.06728379
0.6866292,0.46557832,0.041385137
0.6747428,0.4149896,0.015458798
0.6717352,0.3812669,-0.00517493
0.6737556,0.35285413,-0.020340238
0.73440003,0.46215695,0.020808525
0.7261835,0.407375,0.011170175
0.72280216,0.36747307,-0.016535025
0.7263361,0.3379087,-0.03562395
0.7744071,0.4702244,-0.01008789
0.77341354,0.41792688,-0.023889987
0.765306,0.38070825,-0.05552792
0.7656191,0.3505903,-0.07761118
0.81470156,0.48899993,-0.04884483
0.81432533,0.44609246,-0.073404565
0.81056017,0.4168434,-0.093434565
0.81095564,0.3883055,-0.10777343
0.76700795,0.60632676,-1.910212E-4
0.6882548,0.5766385,-0.044379175
0.6560286,0.51894116,-0.054509725
0.7183438,0.48159766,-0.06362515
0.78629994,0.49104938,-0.055487588
0.7016477,0.46514067,0.029620808
0.6949407,0.41102657,0.009544613
0.6952245,0.37372065,-0.01050401
0.700174,0.34379777,-0.025007762
0.75344294,0.4613645,0.027460812
0.74802536,0.40198687,0.027006749
0.7469343,0.36036512,0.005887917
0.75260574,0.33004805,-0.005135881
0.79687464,0.46780288,0.015519153
0.79794157,0.41350603,0.01291723
0.7937191,0.3746422,-0.010903312
0.7976713,0.3441255,-0.021012733
0.83944976,0.483889,-0.0064513176
0.8409421,0.438686,-0.01408877
0.83947814,0.4083999,-0.02171044
0.8425404,0.38017496,-0.021784633
0.76686764,0.6083262,-1.8478469E-4
0.68791044,0.5779242,-0.038795386
0.6552376,0.5196039,-0.048657443
0.7185872,0.48272645,-0.05864087
0.7869013,0.49249062,-0.051564682
0.7005409,0.46602342,0.031359985
0.69421554,0.41227868,0.011047428
0.69513047,0.3748057,-0.0077417614
0.70032907,0.34464473,-0.022213599
0.752528,0.46235406,0.024972998
0.74858326,0.40392,0.02366461
0.7488687,0.36151153,0.0031709701
0.755051,0.33079892,-0.008282117
0.7956371,0.46910244,0.008377895
0.79879063,0.4151762,0.005688692
0.7954485,0.37633646,-0.017148986
0.7999508,0.34613174,-0.028024584
0.8376476,0.48557636,-0.01781214
0.84105694,0.4405756,-0.025624339
0.840139,0.41010293,-0.032313097
0.843398,0.38233036,-0.031749
0.61600715,0.64396393,-1.2321312E-4
0.53674245,0.617957,-0.034774587
0.49358046,0.5587165,-0.06533465
0.552539,0.5234616,-0.09912434
0.62689275,0.5323311,-0.11701535
0.54550225,0.4937103,-0.011870402
0.5363832,0.4376071,-0.052516293
0.5365343,0.39884153,-0.079732805
0.54148674,0.36594915,-0.09882088
0.5980025,0.49303946,-0.036587857
0.5917869,0.43215343,-0.07024929
0.5916966,0.3883325,-0.10046605
0.59704936,0.35325742,-0.11659784
0.6414979,0.5036025,-0.06812758
0.64476377,0.4469217,-0.09808061
0.64416313,0.4070032,-0.13044576
0.6491372,0.3733518,-0.14455183
0.6829127,0.525211,-0.10872576
0.69078255,0.4784822,-0.13737212
0.6918315,0.44670177,-0.15387444
0.69465566,0.416151,-0.15702507
0.6187951,0.645521,-1.7462698E-4
0.53944975,0.6181446,-0.03198374
0.49632537,0.5584054,-0.061808493
0.5539155,0.5222032,-0.09640684
0.6286694,0.5327545,-0.119053386
0.5491986,0.49583104,-0.0045678043
0.5416372,0.43870282,-0.046399716
0.5440423,0.39895612,-0.074909166
0.5511731,0.36544052,-0.09322679
0.60113394,0.4954222,-0.030927971
0.594987,0.4341816,-0.067412525
0.5950592,0.39052764,-0.09796653
0.6012914,0.35602397,-0.111820236
0.64519596,0.50578153,-0.06444601
0.64711225,0.4488843,-0.09576129
0.6448647,0.40869263,-0.12810428
0.6501867,0.37504363,-0.14118004
0.68760586,0.5275618,-0.10680605
0.6947549,0.47943458,-0.13485928
0.6948457,0.44702104,-0.15199406
0.6975445,0.4155476,-0.1556901
0.54640305,0.72362274,-1.0701738E-4
0.4565741,0.67013997,-0.044216454
0.41812226,0.59668255,-0.08183054
0.4790411,0.5377319,-0.12469042
0.5710002,0.528569,-0.16097833
0.4945072,0.51860386,0.010965466
0.48983273,0.44058225,-0.0281064
0.49326217,0.39152622,-0.06703215
0.50080687,0.34869033,-0.0972618
0.5643571,0.5190771,-0.019675493
0.56661266,0.43394637,-0.043596905
0.572244,0.37510753,-0.089329965
0.5810709,0.32961303,-0.12250684
0.620644,0.53493196,-0.061378565
0.6335109,0.45523942,-0.08849199
0.6392813,0.3974775,-0.13522126
0.64642787,0.3518703,-0.17035803
0.6778376,0.56475776,-0.114942975
0.6920643,0.49865356,-0.14829081
0.696122,0.45360008,-0.1775819
0.6987605,0.41218024,-0.19778274
0.5454725,0.7229399,-1.0810481E-4
0.45446742,0.6694734,-0.043102518
0.41641688,0.5961661,-0.079513736
0.4773116,0.5362543,-0.12138781
0.5674187,0.52563953,-0.15720998
0.49053824,0.51897204,0.015379643
0.4855824,0.4401923,-0.021017846
0.48923394,0.39090133,-0.05784631
0.49716443,0.34850574,-0.08479995
0.5610384,0.518807,-0.013898951
0.56446224,0.43306133,-0.03181891
0.57036746,0.3739493,-0.07523264
0.57924074,0.3293914,-0.10615194
0.61843413,0.53406364,-0.0533559
0.63138646,0.4536577,-0.07384634
0.6351982,0.39621496,-0.116116144
0.6412136,0.3518951,-0.14826643
0.67668355,0.56315964,-0.104489155
0.6911912,0.49645895,-0.13225488
0.69528586,0.45178613,-0.15733333
0.6987319,0.411182,-0.17392349
0.5521354,0.71875197,-9.812642E-5
0.46082228,0.6694598,-0.050828993
0.42216408,0.5958407,-0.08747734
0.48286375,0.5354799,-0.12659484
0.574717,0.5231095,-0.15581927
0.4992953,0.515784,0.0044204723
0.4957255,0.4375353,-0.039607335
0.49884307,0.3892222,-0.07787977
0.5067343,0.3472539,-0.1058984
0.5698272,0.515362,-0.021563368
0.57247096,0.4291668,-0.048322454
0.57656866,0.37083387,-0.09390518
0.5854019,0.32524464,-0.12848839
0.62918484,0.5300117,-0.058454182
0.6408429,0.44881943,-0.08249279
0.6439883,0.39146733,-0.12640007
0.6507066,0.34567082,-0.1595731
0.69040465,0.5587044,-0.10725427
0.7031383,0.49103004,-0.13667637
0.70727575,0.44578058,-0.164627
0.71138096,0.4032196,-0.18368082
0.5470374,0.74175674,-8.467039E-5
0.46019852,0.6944861,-0.07715003
0.4155773,0.637246,-0.14181897
0.45808333,0.5861403,-0.20368065
0.53505564,0.5691142,-0.25973597
0.49009752,0.5472257,-0.06274473
0.48342767,0.47600925,-0.1273047
0.4883419,0.43323058,-0.18293539
0.4984139,0.39314705,-0.22628972
0.56406623,0.5464289,-0.086114824
0.56174624,0.4673309,-0.1353467
0.5680817,0.4132771,-0.20034258
0.5786353,0.36996433,-0.24772209
0.627552,0.5634278,-0.11875884
0.63304603,0.487262,-0.15999715
0.6353382,0.43398625,-0.21704932
0.64101064,0.3892559,-0.26470593
0.6920637,0.5953215,-0.16674145
0.69969124,0.5310593,-0.20784195
0.699906,0.48900297,-0.24635099
0.6984987,0.44880074,-0.2768369
0.5515223,0.7274965,-2.0539908E-4
0.45656553,0.67965555,-0.023924822
0.40599692,0.60791075,-0.044260625
0.44075185,0.54253715,-0.07535982
0.5219325,0.5203311,-0.105118334
0.47368515,0.532603,0.059331547
0.46577615,0.46267414,0.037472278
0.4656048,0.41952538,0.0097465925
0.46625203,0.38230145,-0.014276651
0.53635806,0.5285466,0.027430758
0.5316572,0.45316494,0.02654474
0.52777106,0.4011671,-0.005644429
0.52795804,0.3606028,-0.032888465
0.590085,0.53922284,-0.015154051
0.58778864,0.4662829,-0.020483661
0.5814563,0.4137158,-0.052580476
0.5792472,0.37373978,-0.084480636
0.64736944,0.56338584,-0.06883733
0.643488,0.5031642,-0.07987029
0.6377816,0.4601612,-0.09753644
0.63185054,0.4210248,-0.11622214
0.62476647,0.7157766,-8.7592765E-5
0.5335411,0.6741294,-0.06048578
0.49263072,0.6051793,-0.08795
0.54732996,0.5422961,-0.115022145
0.6307736,0.52547705,-0.13598818
0.5453742,0.5319047,0.028576015
0.54229474,0.4601882,-0.004879462
0.55030507,0.41692817,-0.042549714
0.56084704,0.37722805,-0.07463973
0.6114499,0.5252377,0.016061585
0.60810536,0.45072347,0.004638571
0.6118643,0.39832252,-0.040369958
0.61964184,0.3550059,-0.07830077
0.66937524,0.5346852,-0.010951876
0.6725755,0.4628338,-0.020856485
0.6711891,0.41312873,-0.06386246
0.67379856,0.37182736,-0.10268878
0.73125255,0.55923826,-0.050887566
0.73157036,0.50141495,-0.0720914
0.73006535,0.4603473,-0.09555383
0.72746557,0.42004156,-0.11465128
0.65735084,0.6871438,-2.3628501E-5
0.55915004,0.6410019,-0.0356974
0.51948786,0.5695193,-0.03962091
0.57437277,0.5101475,-0.05041628
0.6541234,0.50307643,-0.06145182
0.58549064,0.5174105,0.07919396
0.5794978,0.45083657,0.0633452
0.5844608,0.41038018,0.035053477
0.59529126,0.37428346,0.011659415
0.6428592,0.51276046,0.06476663
0.64026487,0.44136488,0.062624194
0.64280677,0.39275372,0.027071118
0.6508372,0.35371536,0.0015359401
0.6932122,0.52120334,0.037155073
0.6949475,0.45188153,0.03143213
0.6911958,0.40354025,-0.0057949
0.6918506,0.36421,-0.03840419
0.7474706,0.5421106,-0.0018146866
0.74956,0.4882583,-0.018739557
0.74816686,0.44820946,-0.043143824
0.74609166,0.40961066,-0.06617456