0.58767754,0.7381983,-1.7575442E-4
0.44619673,0.71034455,-0.02160635
0.34542662,0.64283997,-0.010356386
0.3141297,0.57854307,-0.013939923
0.3046583,0.5238068,-0.0152247315
0.41976416,0.5848259,0.07325372
0.3686071,0.54374695,-0.038802177
0.3896383,0.59538364,-0.12469772
0.41619164,0.6391279,-0.15086864
0.49366796,0.57792526,0.05010624
0.44325283,0.54389817,-0.08719535
0.46695474,0.6103691,-0.15396108
0.49665642,0.6603435,-0.15437144
0.5726923,0.5761606,0.0053979903
0.5248306,0.54829395,-0.12275957
0.53752255,0.61629957,-0.15667194
0.5557855,0.66831684,-0.12990193
0.6612453,0.5792883,-0.03993318
0.61076474,0.5539133,-0.13030052
0.6011265,0.60239273,-0.14864293
0.6097902,0.6441627,-0.117933035
0.58530647,0.7363521,-1.3851855E-4
0.44534934,0.7083348,-0.023974685
0.34589803,0.6411469,-0.014959448
0.31560194,0.5769538,-0.020777937
0.3045436,0.52266675,-0.021982951
0.42171454,0.5846481,0.06552901
0.3695148,0.54138774,-0.0510693
0.3898612,0.5932168,-0.13711357
0.41640845,0.6368302,-0.16159788
0.49549714,0.57778955,0.0431789
0.44490856,0.5416976,-0.09680572
0.46725,0.60806704,-0.16058002
0.49651587,0.6570112,-0.15771398
0.5736346,0.57575196,-0.0019462771
0.5263133,0.54663503,-0.13252096
0.5389653,0.6142132,-0.16540174
0.55837744,0.6655872,-0.13724986
0.66170263,0.57832867,-0.047274757
0.6111762,0.5506185,-0.13745295
0.6011889,0.5985533,-0.15590724
0.6108036,0.6402813,-0.126225
0.587371,0.75384563,-2.0473974E-4
0.45428765,0.7164502,4.870029E-4
0.3803267,0.6432273,0.017499737
0.3665101,0.5809798,0.012016369
0.35307842,0.52762973,0.005273431
0.4599142,0.5932746,0.0814718
0.40853187,0.54793435,-0.027390549
0.41482905,0.59847426,-0.09944199
0.43100637,0.6410217,-0.112800844
0.5316747,0.5905588,0.047038686
0.47724804,0.5583575,-0.09851038
0.48927334,0.6257008,-0.16222633
0.50883454,0.6738495,-0.15479115
0.6092557,0.5931285,-0.006462012
0.551337,0.5686772,-0.13085714
0.55929667,0.6354414,-0.15359153
0.57392466,0.68551224,-0.1149003
0.69423044,0.6003524,-0.059660424
0.6351793,0.5728987,-0.14110193
0.6187713,0.61880225,-0.15685642
0.622581,0.6603537,-0.12328134
0.58562434,0.7540988,-1.9500122E-4
0.45183048,0.7169597,0.0010181661
0.37543017,0.6447536,0.018700646
0.36054802,0.5830209,0.013897961
0.35310876,0.5311699,0.01078071
0.45643395,0.5940927,0.08204267
0.4044686,0.54936415,-0.025462255
0.41102064,0.59991896,-0.09771176
0.42824808,0.64278406,-0.112428606
0.5270143,0.59093225,0.048538305
0.4736905,0.5595726,-0.09022495
0.48643807,0.6268656,-0.15487447
0.5068019,0.6743588,-0.15115307
0.603678,0.5927819,-0.0039506434
0.54633284,0.5683067,-0.12409207
0.5544475,0.6344962,-0.14984581
0.56939054,0.6838535,-0.1167033
0.6883955,0.59920204,-0.05595439
0.62783605,0.5731783,-0.13621908
0.61268294,0.6190532,-0.15268804
0.6179928,0.6597348,-0.1229838
0.6158204,0.75159377,-2.4989585E-4
0.49185878,0.7323749,-0.0630831
0.3853152,0.6666454,-0.083435275
0.35101935,0.6006399,-0.10758999
0.34770623,0.5443935,-0.12379762
0.44140965,0.6006681,-0.017890837
0.40627116,0.5710169,-0.15298289
0.43399704,0.62351114,-0.22835533
0.4592858,0.6647234,-0.24584408
0.5205144,0.5893367,-0.029159183
0.49212393,0.57533556,-0.19730431
0.5277957,0.643855,-0.24402118
0.5599758,0.69102854,-0.22195233
0.6041906,0.5866626,-0.06421827
0.5761367,0.5782894,-0.22028212
0.59912765,0.6467476,-0.23372589
0.6166801,0.6945685,-0.18645722
0.6907942,0.59021795,-0.10121162
0.6589533,0.5771408,-0.20690824
0.6552164,0.6255552,-0.21603785
0.6600348,0.6633361,-0.17337944
0.5932379,0.7422608,-1.5328481E-4
0.47590637,0.7212521,-0.05314377
0.39245957,0.652058,-0.0629631
0.37319225,0.5870867,-0.074360795
0.3638907,0.5375777,-0.08058639
0.45986533,0.5800848,-0.055850647
0.41509825,0.57735366,-0.18583967
0.4314444,0.62696236,-0.23862137
0.450935,0.6650641,-0.25325966
0.5382044,0.57151294,-0.06807256
0.48969743,0.590018,-0.22198239
0.5147002,0.65408605,-0.25040293
0.53962195,0.6978569,-0.22411676
0.6193528,0.5767538,-0.09916
0.5748506,0.59886867,-0.2415803
0.5910977,0.66313684,-0.24010575
0.6044633,0.70470196,-0.19254006
0.7004943,0.5895088,-0.13030413
0.65965426,0.5976807,-0.24300781
0.64762354,0.64493227,-0.24821532
0.6464969,0.6770148,-0.20812882
0.59268034,0.74109906,-1.2697528E-4
0.4765141,0.7216223,-0.05478585
0.39470175,0.6521303,-0.067860775
0.37546486,0.58740073,-0.082035966
0.3619603,0.5384337,-0.091921315
0.46116483,0.58091336,-0.05666585
0.41539025,0.57908934,-0.18683377
0.43130141,0.62844974,-0.24168718
0.451512,0.66657645,-0.26010826
0.53812623,0.57191503,-0.068551324
0.48843974,0.5898594,-0.22006519
0.5125592,0.65391535,-0.2470265
0.538477,0.69792515,-0.22176813
0.61887276,0.57693094,-0.0983583
0.57291245,0.5975657,-0.23830496
0.588257,0.66218966,-0.23357616
0.602288,0.7039851,-0.18414012
0.7006998,0.58959794,-0.12963428
0.6581677,0.59768116,-0.24114254
0.64612794,0.64510596,-0.24301842
0.6461377,0.6772042,-0.2008797
0.5963432,0.74056214,-1.4064506E-4
0.48022363,0.7212959,-0.057661742
0.3971522,0.6526411,-0.07183863
0.3780313,0.58769274,-0.08559583
0.36666164,0.5384851,-0.092958204
0.46328616,0.58189,-0.06731434
0.4201252,0.5797901,-0.19715345
0.4357503,0.6287867,-0.24783847
0.45526105,0.6663973,-0.26279923
0.54081666,0.5730039,-0.07737729
0.494084,0.5912507,-0.22895388
0.51756555,0.65441316,-0.25363874
0.5424337,0.69796264,-0.22696064
0.62181365,0.5779526,-0.10517556
0.5787496,0.59930253,-0.24774466
0.5933779,0.66323745,-0.24343626
0.6069986,0.70467424,-0.19424504
0.7029567,0.59033865,-0.1345662
0.66384894,0.5975426,-0.24725558
0.6508608,0.6442884,-0.24960187
0.6492315,0.67633647,-0.20819773
0.6663451,0.7581723,-1.6108264E-4
0.54186,0.7409406,-0.07019186
0.4319655,0.6812082,-0.092359506
0.389974,0.6178503,-0.11820957
0.39325434,0.5636634,-0.13204704
0.4854717,0.61720806,-0.005778655
0.46408263,0.5826788,-0.13645205
0.4977318,0.6339051,-0.21525647
0.52275896,0.67437375,-0.23321508
0.5604948,0.60566527,-0.007724949
0.5495519,0.586795,-0.16078559
0.58159167,0.6519315,-0.20586532
0.6058202,0.6935048,-0.19100803
0.6371509,0.60201657,-0.035378132
0.626748,0.5906683,-0.18278599
0.6451019,0.6552134,-0.19995297
0.656363,0.69845086,-0.162952
0.7175173,0.604039,-0.06645076
0.6953672,0.58727443,-0.1610248
0.6928337,0.6328573,-0.1738525
0.6977361,0.6685883,-0.13975449
0.6545234,0.7533557,-1.5085551E-4
0.53089076,0.7337385,-0.060162105
0.42421913,0.67287505,-0.0791363
0.38472158,0.60963094,-0.10318075
0.38871568,0.5570885,-0.11496846
0.481967,0.6063518,-2.460815E-4
0.45917383,0.5764345,-0.12321205
0.4930712,0.62776786,-0.20086259
0.52028495,0.6695905,-0.22259326
0.55800545,0.59488565,-0.0056349104
0.5443963,0.5808317,-0.14697084
0.5751535,0.64462954,-0.19348913
0.60062754,0.6895593,-0.1841028
0.63499135,0.5924072,-0.034570903
0.6197145,0.58397484,-0.16971909
0.63762933,0.64674586,-0.18474728
0.6489893,0.69187015,-0.15035886
0.7156051,0.59675056,-0.0664702
0.6885921,0.58047676,-0.15959932
0.6869008,0.62521684,-0.16855974
0.6940594,0.66271216,-0.13058525
0.6915129,0.753959,-1.8825261E-4
0.5765095,0.73669636,-0.09156807
0.48565808,0.6751231,-0.123893514
0.46174598,0.60846317,-0.15616558
0.47754982,0.5547482,-0.17808966
0.53363705,0.60774434,-0.013305157
0.53136516,0.579907,-0.14591245
0.56420714,0.6329593,-0.22242977
0.58788353,0.67159885,-0.24087228
0.60451764,0.5978316,-0.0042953384
0.6127693,0.58049345,-0.15536854
0.6364577,0.64662045,-0.19201829
0.6519206,0.68713224,-0.17246439
0.6785933,0.59741884,-0.023517773
0.6830569,0.5876123,-0.17073047
0.6924667,0.652279,-0.17657015
0.69469845,0.6940327,-0.13102667
0.7534959,0.60399914,-0.049683344
0.7444298,0.59032196,-0.15416309
0.7378961,0.6354678,-0.16566984
0.7359812,0.66968757,-0.1314838
0.692021,0.7552898,-1.8156206E-4
0.577968,0.7384266,-0.09065091
0.4866696,0.67555153,-0.12121974
0.46023005,0.60977006,-0.15159558
0.46997923,0.5571586,-0.17414898
0.53150517,0.6083732,-0.016010273
0.5324366,0.5806551,-0.1432221
0.56666386,0.6327055,-0.21594207
0.58888686,0.6718779,-0.23384449
0.60213375,0.5982387,-0.006807558
0.61556375,0.58301574,-0.15559222
0.6399348,0.6489281,-0.19314651
0.6529176,0.6907358,-0.17541587
0.67627394,0.5976285,-0.024450675
0.68801695,0.5897697,-0.16710405
0.6978907,0.6540733,-0.17347135
0.6968637,0.6959538,-0.13062881
0.7528302,0.6041381,-0.04835208
0.7493109,0.58924395,-0.14977333
0.7422777,0.63443154,-0.15929712
0.73725855,0.6689147,-0.12499
0.7006068,0.7395189,-5.546748E-5
0.57165873,0.71556985,-0.042363472
0.4784803,0.6572141,-0.03685949
0.4504869,0.59481096,-0.03982568
0.45972914,0.542421,-0.031814974
0.53686696,0.61113,0.06995836
0.52361715,0.56007797,-0.03542823
0.54843694,0.6044041,-0.1103368
0.5716608,0.6432764,-0.12552284
0.60926414,0.60589373,0.069524355
0.6067839,0.5592962,-0.054707117
0.62700117,0.6176943,-0.10670187
0.6419785,0.6602253,-0.09858816
0.67911047,0.6054627,0.0453631
0.6758077,0.5659857,-0.08306881
0.6835822,0.6252017,-0.114965774
0.68868315,0.67255765,-0.08722729
0.75348467,0.6084969,0.020210644
0.7375873,0.5711151,-0.06320169
0.7323003,0.61134046,-0.085555166
0.7354615,0.6494893,-0.060449153
0.6043955,0.7570773,-1.331603E-4
0.47831246,0.71854997,-0.017910823
0.41122827,0.653496,-0.0067998245
0.41045406,0.59252876,-0.0091602
0.43178475,0.5429387,-0.010514449
0.49849403,0.6135456,0.079778135
0.4828609,0.56415427,-0.025762856
0.48078984,0.6093675,-0.11062558
0.4906174,0.65116364,-0.13622218
0.5689401,0.6155787,0.06155693
0.5541679,0.5736679,-0.06949846
0.5472369,0.6337957,-0.12618358
0.5559232,0.68074435,-0.12238477
0.6402624,0.6218307,0.022419242
0.6219705,0.58598506,-0.10361334
0.60718435,0.6469007,-0.13731161
0.6071471,0.69656813,-0.11134323
0.7165871,0.631904,-0.017278377
0.6942972,0.59524184,-0.102222644
0.6665312,0.6340152,-0.1236296
0.65829265,0.67446285,-0.10174554
0.61068904,0.7570991,-1.2445594E-4
0.48260286,0.7193116,-0.013809961
0.41449136,0.6546936,7.3817687E-4
0.4114456,0.593493,0.0018537627
0.43105116,0.5436294,0.0037662864
0.4991426,0.6144457,0.08462163
0.48337463,0.56418234,-0.015504332
0.48191035,0.6079855,-0.101015456
0.49121165,0.65026814,-0.12924734
0.56980574,0.6160111,0.06565725
0.5556591,0.57438046,-0.059001017
0.5501801,0.6338483,-0.118873335
0.55868405,0.68241835,-0.1200575
0.64172846,0.6218763,0.027171519
0.624529,0.58604574,-0.091815256
0.6103579,0.6465623,-0.12921605
0.60968924,0.6970713,-0.10778882
0.71895516,0.63175195,-0.0119786
0.6978056,0.5969442,-0.09459873
0.6713435,0.636012,-0.1173441
0.6630447,0.6760898,-0.09752408
0.6295927,0.7771376,-1.7399921E-4
0.51434624,0.7453562,-0.057517387
0.4310379,0.6760768,-0.073873006
0.41911966,0.6110597,-0.09584075
0.44544452,0.56259626,-0.110453345
0.5112626,0.6209173,-0.009469327
0.4952153,0.58911973,-0.13184084
0.5075835,0.63993686,-0.2074873
0.5186906,0.6811374,-0.23169783
0.58764344,0.6185502,-0.019827833
0.57460654,0.59901947,-0.17590941
0.58719015,0.66447145,-0.22342579
0.5993879,0.71242094,-0.20864683
0.6654935,0.62342465,-0.05271659
0.6516166,0.6100333,-0.1991872
0.65083796,0.6741404,-0.21928827
0.64885056,0.7210237,-0.1833479
0.74494827,0.6342855,-0.08808187
0.726928,0.61405164,-0.18970323
0.7070332,0.65772945,-0.20549437
0.69542336,0.69590694,-0.17406978
0.6357465,0.48600072,-1.3171442E-4
0.50193495,0.45520517,-0.040291335
0.41764134,0.37726024,-0.060263854
0.40316018,0.31032315,-0.09913516
0.38192487,0.24869272,-0.1380216
0.4985573,0.31670195,0.01623252
0.44594187,0.2823989,-0.16454397
0.45178014,0.34570464,-0.26961586
0.4713298,0.39242658,-0.3018307
0.5779112,0.31081098,-0.019748151
0.51648605,0.28379425,-0.23605861
0.5283028,0.36540776,-0.2969469
0.55478215,0.4211144,-0.27428377
0.66445154,0.3130383,-0.08275813
0.59717876,0.28686965,-0.25907657
0.6029723,0.36506563,-0.25009412
0.621681,0.42258626,-0.17494163
0.7578513,0.32286584,-0.1482127
0.69064283,0.29680532,-0.26805
0.66689575,0.34971127,-0.25808644
0.6717808,0.39396486,-0.19072598
0.6368545,0.4879172,-1.2853649E-4
0.50314885,0.45612347,-0.043386314
0.41859943,0.37832275,-0.06506415
0.40483737,0.31122035,-0.10467423
0.3864396,0.24953084,-0.14407289
0.50122947,0.31740454,0.012917595
0.44864917,0.2835513,-0.16676565
0.45444003,0.34663382,-0.2725103
0.4737113,0.39317748,-0.30579823
0.58129466,0.3114929,-0.021438241
0.51994437,0.28507927,-0.2375481
0.53194875,0.36653805,-0.30006912
0.5580343,0.42261365,-0.27940816
0.6681434,0.31388026,-0.08289457
0.6013527,0.28856283,-0.25910076
0.60695076,0.36620742,-0.25176844
0.6245144,0.42371008,-0.17887111
0.76180255,0.32384944,-0.1468339
0.69472873,0.29789275,-0.26704425
0.67057735,0.35052958,-0.25833812
0.6740044,0.3947655,-0.192495
0.6835078,0.3169618,1.2962707E-5
0.60015523,0.32327738,-0.06467203
0.54804176,0.32005516,-0.14131102
0.5142029,0.3217514,-0.20993493
0.50984627,0.329703,-0.28150147
0.5358869,0.24427713,-0.23711154
0.4966792,0.2712617,-0.36549452
0.4985394,0.3156059,-0.42355233
0.500953,0.34920427,-0.44611412
0.6013876,0.2408455,-0.24820656
0.56859493,0.2899676,-0.36261657
0.567191,0.34211135,-0.36297753
0.56822145,0.37557915,-0.34070557
0.6665626,0.25648138,-0.26651916
0.64061594,0.3054975,-0.35976532
0.62494534,0.34709796,-0.371581
0.6128253,0.37414792,-0.37783912
0.7238049,0.2800208,-0.28805593
0.7050925,0.32140025,-0.34698132
0.68765444,0.34994847,-0.3588605
0.6709371,0.36820936,-0.36869675
0.6819968,0.31743824,-4.97378E-6
0.6003368,0.3238917,-0.059694357
0.5476595,0.31805936,-0.13285106
0.5115147,0.31764442,-0.19995952
0.5034132,0.32444614,-0.27095172
0.53363234,0.24418572,-0.23018588
0.49330443,0.27083954,-0.35996935
0.49454582,0.3149991,-0.4207047
0.49784854,0.34877288,-0.444618
0.598589,0.24095665,-0.2431376
0.56492823,0.28600267,-0.35865209
0.562489,0.33882383,-0.36456388
0.56299424,0.3742705,-0.34411898
0.6638255,0.25643826,-0.26296896
0.6377339,0.3022156,-0.35878703
0.6213648,0.3451128,-0.37471715
0.60950553,0.37451383,-0.38114253
0.72063655,0.27952215,-0.28589645
0.70204973,0.31944677,-0.34631887
0.6846137,0.34874985,-0.35999486
0.66808367,0.36889774,-0.36994356
0.6701075,0.29780728,-1.7754837E-5
0.5949448,0.31572437,-0.05500887
0.5518078,0.3226511,-0.13619933
0.52083623,0.3289115,-0.20691487
0.5110447,0.34190026,-0.28619072
0.5015583,0.25760025,-0.23328234
0.47339576,0.2934001,-0.35604724
0.47871858,0.33189932,-0.42105404
0.4907973,0.36254695,-0.45706323
0.5569319,0.24749732,-0.24849272
0.5453332,0.29445538,-0.35518757
0.5568288,0.3402436,-0.36754397
0.5741759,0.37022156,-0.36562917
0.6201915,0.25169015,-0.26637378
0.61843765,0.29873905,-0.3538145
0.612709,0.3384603,-0.37635714
0.61436516,0.36601746,-0.39119756
0.68098474,0.26368505,-0.2870686
0.68071735,0.30619606,-0.34491968
0.6699115,0.3341266,-0.36211628
0.6631081,0.35294968,-0.37916398
0.67277485,0.2986912,3.3832337E-5
0.5960468,0.3156911,-0.050308842
0.5513844,0.32187,-0.12844752
0.51809406,0.3297509,-0.19672406
0.50480276,0.34505007,-0.2739349
0.4994896,0.25789985,-0.23169543
0.4761821,0.30001083,-0.34738892
0.48565656,0.33752432,-0.4050762
0.4979756,0.3656921,-0.43786913
0.5548117,0.24685483,-0.24826583
0.5424307,0.29846144,-0.34602427
0.555053,0.34277207,-0.35276264
0.57098466,0.37144464,-0.35026106
0.6188616,0.25056422,-0.26658338
0.61465514,0.3009285,-0.3476915
0.61008424,0.34046286,-0.36617923
0.61220956,0.36801574,-0.38110033
0.6806433,0.2632366,-0.28753433
0.677712,0.30450967,-0.3459018
0.6672461,0.33224732,-0.3648559
0.65969837,0.35221094,-0.38223532
0.6980131,0.5101134,-1.6144792E-5
0.60420704,0.47974184,-0.013691673
0.57200515,0.41342574,-0.009573996
0.5772747,0.36148468,-0.0258471
0.56729966,0.31589383,-0.049745537
0.64363015,0.3788068,0.04492985
0.61599433,0.3460074,-0.08745114
0.59963506,0.38757995,-0.16080384
0.59846735,0.42309213,-0.18045017
0.70135695,0.3814016,0.015775982
0.6685979,0.3508181,-0.13468798
0.6517412,0.4103094,-0.17825069
0.65500665,0.45156974,-0.16063115
0.7650112,0.3896873,-0.035507996
0.7301845,0.3594704,-0.16409026
0.7095944,0.4212567,-0.16275007
0.7057271,0.46721664,-0.10914412
0.8360321,0.4041473,-0.085199244
0.79656786,0.3758366,-0.17588614
0.763892,0.41477644,-0.16808371
0.7553367,0.4505233,-0.11584472
0.69006824,0.50951964,-6.0145623E-5
0.5997853,0.4771785,-0.018567126
0.5718784,0.41023755,-0.014901659
0.57828474,0.3597163,-0.03034167
0.5666592,0.31408623,-0.053174537
0.6442954,0.37624368,0.03606453
0.6162836,0.344316,-0.10434068
0.6004453,0.3881373,-0.18113911
0.59882593,0.42471844,-0.20077138
0.70338434,0.37979418,0.010249681
0.66938514,0.35100055,-0.14966422
0.6518098,0.41183674,-0.19491132
0.6531272,0.4532939,-0.17669252
0.76814485,0.38922432,-0.0387614
0.7328647,0.36094928,-0.17415966
0.7103662,0.42255595,-0.17241673
0.7040566,0.46797425,-0.11626453
0.83925676,0.40483353,-0.08668285
0.8031705,0.3757557,-0.18178788
0.76828736,0.41351297,-0.17462043
0.7562881,0.44834927,-0.11952917
0.7049751,0.49635056,-5.3650303E-5
0.6079215,0.4814523,-0.009404741
0.5566573,0.4215666,0.0036346514
0.5457866,0.37281895,-0.0020497842
0.51623553,0.33391604,-0.01335229
0.605388,0.38120046,0.047169473
0.566646,0.35328847,-0.080337726
0.5710823,0.39444846,-0.14949483
0.5859391,0.42861533,-0.164784
0.66120476,0.3765709,0.017695991
0.6173173,0.35232684,-0.12469898
0.62566733,0.40978834,-0.1634845
0.64512163,0.4487393,-0.14451611
0.72512484,0.37668678,-0.033633053
0.67744154,0.3522292,-0.15536349
0.6829141,0.41196904,-0.15314902
0.69843525,0.45535544,-0.10144783
0.7996938,0.3818451,-0.08327288
0.74837327,0.36062652,-0.17208402
0.7336423,0.4001168,-0.16686782
0.7417709,0.4344022,-0.1180907
0.70483583,0.49625206,-6.0963084E-5
0.6080829,0.48114988,-0.011572723
0.558111,0.4210766,2.5169132E-4
0.5492662,0.3724911,-0.0058392477
0.52161944,0.33335084,-0.01632571
0.6076118,0.38118654,0.041207913
0.56905884,0.35283968,-0.08990706
0.5731105,0.39442328,-0.1592817
0.5868477,0.42878556,-0.1739513
0.66379523,0.37691396,0.01142844
0.62021863,0.3518632,-0.13675356
0.6268914,0.40951747,-0.17635727
0.64426523,0.448852,-0.15689056
0.7278722,0.3772851,-0.04085546
0.6795263,0.35183614,-0.16818252
0.68370885,0.4118882,-0.16647293
0.6980285,0.45606205,-0.1137907
0.8021479,0.38261196,-0.091151945
0.7505505,0.3615065,-0.18476689
0.7351361,0.4012394,-0.1811245
0.74214786,0.4362032,-0.1323511
0.6944447,0.48886696,-7.218941E-5
0.6069738,0.45492578,-0.074966446
0.58128023,0.38504538,-0.11233506
0.58806294,0.33044335,-0.1402302
0.5714852,0.28507733,-0.16963926
0.6718708,0.334679,-0.113925055
0.64072645,0.336915,-0.24150094
0.62420356,0.38487703,-0.28537393
0.6157863,0.41797316,-0.2927614
0.7389394,0.3393054,-0.11757476
0.70071644,0.35813203,-0.26533678
0.6777674,0.41484702,-0.29211557
0.6663074,0.45243332,-0.27854243
0.80233145,0.35781205,-0.13461092
0.7674131,0.37478846,-0.26849183
0.7328072,0.42509943,-0.27071613
0.70931596,0.45757285,-0.23763277
0.86010826,0.3850649,-0.15550257
0.83882046,0.3900368,-0.2528997
0.7982118,0.4240081,-0.2565567
0.76979166,0.4460327,-0.22738966
0.6953743,0.48982337,-6.474086E-5
0.6084522,0.45553142,-0.075167395
0.58389354,0.38590848,-0.11191599
0.5915994,0.331627,-0.13999076
0.5748781,0.28622136,-0.1693071
0.6742856,0.3363604,-0.10987338
0.64168787,0.3372792,-0.23843214
0.6234697,0.38532555,-0.28362846
0.61408854,0.41891778,-0.29140127
0.7413675,0.34135482,-0.11326465
0.70172447,0.35772192,-0.26064378
0.67750734,0.4144544,-0.28743225
0.66581374,0.45207188,-0.27344123
0.8047976,0.359613,-0.1310869
0.7696223,0.37459216,-0.26486146
0.73466015,0.42472544,-0.2671971
0.71146244,0.45732296,-0.23412505
0.8627916,0.38679433,-0.15260087
0.84213537,0.3899934,-0.2503084
0.8001962,0.423473,-0.2541219
0.77136177,0.44546396,-0.2246347
0.6830877,0.5045511,-9.265628E-5
0.59797764,0.47674248,-0.0044655176
0.5795779,0.42006698,0.009928654
0.59850913,0.3779377,0.005590485
0.59512305,0.34287256,-0.0028198173
0.6413056,0.38916147,0.07281028
0.61430955,0.3649912,-0.05111534
0.59735143,0.4021369,-0.12133492
0.5932903,0.43250144,-0.1351861
0.6910459,0.3896851,0.045280166
0.6629539,0.36475772,-0.09076017
0.6416783,0.41628534,-0.12961696
0.6411438,0.4511901,-0.104714885
0.7489036,0.39557394,-0.0029422445
0.7205561,0.36517435,-0.118484005
0.6979007,0.4189571,-0.12416302
0.6959272,0.458748,-0.07738205
0.8149493,0.4074122,-0.048756268
0.77969766,0.37769234,-0.13039382
0.74536735,0.4100741,-0.13084674
0.7353654,0.4421338,-0.089307874
0.68278843,0.5095867,-8.820303E-5
0.59824824,0.48323172,-0.010555599
0.57807934,0.4258278,0.0015108689
0.6013677,0.3823555,-0.0047778157
0.6103122,0.34725195,-0.013127984
0.64277613,0.3933716,0.06758386
0.6154207,0.36926007,-0.06002831
0.5975341,0.4056396,-0.13295579
0.5918008,0.43593562,-0.149992
0.6933884,0.39416552,0.040905695
0.66551745,0.3687315,-0.095898375
0.64240223,0.41952905,-0.13205549
0.6395904,0.45576292,-0.10588223
0.7523702,0.4013471,-0.0075823343
0.72453654,0.36957952,-0.12711315
0.7003219,0.42348763,-0.12771483
0.696261,0.46449104,-0.07747248
0.818679,0.4147942,-0.053946435
0.78251773,0.3848691,-0.13968487
0.74609923,0.4179835,-0.1357352
0.7342191,0.4508683,-0.09099448
0.6836323,0.5154578,-1.12162335E-4
0.59935987,0.48756212,-0.0028908316
0.5830784,0.42930457,0.01459221
0.60992265,0.3863961,0.013872998
0.61750025,0.35205805,0.011273827
0.6451633,0.39945972,0.07108584
0.6199793,0.37316954,-0.05244868
0.60139614,0.40873557,-0.12269758
0.59523714,0.43987465,-0.13832855
0.6965023,0.4008547,0.04198294
0.6697335,0.37363893,-0.091885656
0.6454132,0.42416942,-0.12835395
0.6422152,0.46048024,-0.10418508
0.7551126,0.40867832,-0.0078704655
0.72879326,0.37645188,-0.12684141
0.70333457,0.43039086,-0.13083883
0.69880676,0.47150424,-0.08274712
0.82018775,0.42291522,-0.05453489
0.78408474,0.39357966,-0.14185515
0.747401,0.426063,-0.14161725
0.73657924,0.4581889,-0.09914075
0.6989452,0.5140617,-9.8606084E-5
0.59961176,0.48924312,-0.017568598
0.5560066,0.42132723,-0.013033924
0.55989724,0.3670027,-0.029736176
0.54936635,0.3219052,-0.049107697
0.615665,0.37954316,0.045158807
0.58117485,0.35015777,-0.10088162
0.5745643,0.39584896,-0.17899741
0.57924736,0.43288964,-0.19668551
0.6776637,0.3789757,0.01512235
0.6400422,0.35213512,-0.14531225
0.637508,0.41479307,-0.18327348
0.64918023,0.45608234,-0.15558845
0.7484281,0.38497433,-0.039906677
0.7103875,0.3559746,-0.17580801
0.7044872,0.42118853,-0.17018127
0.7116733,0.46796775,-0.10951348
0.8284713,0.39731175,-0.0946309
0.786384,0.36827302,-0.19148926
0.7614135,0.40922263,-0.18317607
0.75927925,0.44576442,-0.12800546
0.6985167,0.5140703,-7.6139E-5
0.6006108,0.48798254,-0.015445108
0.55588555,0.41972545,-0.01091267
0.5588149,0.36557755,-0.027806146
0.5502383,0.3199739,-0.04601789
0.61835533,0.37900406,0.04129883
0.582996,0.34843725,-0.10573963
0.5763549,0.39466795,-0.1824191
0.5819335,0.431664,-0.19801855
0.68016416,0.37900022,0.009825399
0.64117765,0.35166988,-0.15378775
0.63856006,0.4150301,-0.19115925
0.6509607,0.45615652,-0.16234103
0.7503544,0.3853137,-0.045614786
0.7098754,0.3562379,-0.18268295
0.7042941,0.42134398,-0.17496863
0.71261936,0.46746683,-0.11198525
0.8295882,0.39795923,-0.1009321
0.78499347,0.36850768,-0.19627245
0.7596608,0.40926856,-0.18742421
0.7584265,0.44523215,-0.1312167
0.7037959,0.51455826,-7.313672E-5
0.60220414,0.48821855,-0.013075569
0.55706847,0.41959584,-0.008595792
0.5601607,0.36440304,-0.026238376
0.55495507,0.3182123,-0.045381755
0.622728,0.37733516,0.048074406
0.5856172,0.34662122,-0.097651295
0.577486,0.39299175,-0.1763363
0.5824094,0.42987594,-0.19469638
0.6841667,0.37720478,0.014893318
0.6436147,0.34992898,-0.1445675
0.63915396,0.4137046,-0.18107606
0.65162814,0.4547227,-0.15195863
0.7545552,0.38340065,-0.04245399
0.7113125,0.35412553,-0.1762521
0.7048851,0.42037806,-0.16747855
0.7140741,0.4665119,-0.10408415
0.8342529,0.39610896,-0.09979507
0.785402,0.3679399,-0.19310708
0.7596049,0.41035214,-0.1819912
0.76023555,0.44657123,-0.12525752
0.73607546,0.5013305,-1.668638E-5
0.6358462,0.47841653,-0.052436348
0.5863178,0.40746903,-0.07265246
0.57067585,0.35097927,-0.09712443
0.5301344,0.30501613,-0.12933773
0.64120746,0.36001456,-0.044073354
0.598025,0.344483,-0.18040146
0.6007143,0.38982165,-0.2431347
0.61248845,0.42680317,-0.26116273
0.7099052,0.35782677,-0.058615
0.66718256,0.35176212,-0.21880564
0.6764621,0.41452163,-0.24779178
0.69335043,0.45768115,-0.22167803
0.7868765,0.3647411,-0.09067576
0.74606866,0.3558733,-0.22692674
0.7469601,0.41728887,-0.21607144
0.7537902,0.46059492,-0.16402386
0.8689951,0.37958026,-0.12533714
0.830803,0.36443225,-0.22422053
0.8091423,0.4049498,-0.21431427
0.8035227,0.43835673,-0.1675577
0.7407752,0.5000777,-5.2195765E-6
0.6395198,0.47808155,-0.053246092
0.58743244,0.4077168,-0.07446705
0.57133806,0.35108376,-0.09914328
0.53035843,0.3051172,-0.12960571
0.64518213,0.35970706,-0.04552302
0.6011023,0.34443945,-0.18087478
0.6062231,0.39072233,-0.23836702
0.6206461,0.42775986,-0.25133997
0.71406186,0.35783288,-0.060931783
0.6714185,0.35134995,-0.22335178
0.681397,0.41440704,-0.25042892
0.7000755,0.4578268,-0.22166547
0.7907132,0.36495936,-0.09274309
0.7505084,0.3553735,-0.2323131
0.7509011,0.4168207,-0.22158992
0.7582234,0.4597761,-0.16908821
0.8718608,0.37983355,-0.1277112
0.8334596,0.3643442,-0.2268767
0.8120057,0.40439692,-0.21749598
0.8069148,0.4372624,-0.1703938
0.7466224,0.49224073,-6.772198E-5
0.64972943,0.46635938,-0.034843255
0.6025883,0.39780962,-0.042553287
0.60714316,0.33999017,-0.06296368
0.60798407,0.2912612,-0.07306719
0.6653275,0.3573036,-0.005466472
0.6211385,0.33218655,-0.14959261
0.6195398,0.37745994,-0.21960133
0.62678057,0.41363963,-0.23845373
0.72926885,0.35758534,-0.027479814
0.6855179,0.33930534,-0.1969943
0.68892276,0.40409714,-0.21967086
0.7016946,0.44584906,-0.1862105
0.80150187,0.36317083,-0.07300627
0.7538963,0.34472454,-0.219227
0.75612104,0.4105942,-0.19870794
0.76698905,0.45653126,-0.13068713
0.8816129,0.37338915,-0.12058285
0.82916003,0.35039598,-0.22818169
0.80616635,0.39304164,-0.21853656
0.80690074,0.4291703,-0.16484672
0.7438871,0.49249113,-6.41679E-5
0.6465467,0.46655038,-0.03794085
0.59890115,0.39753196,-0.04604187
0.6044188,0.33899477,-0.06657556
0.6106058,0.29090816,-0.07454181
0.6641964,0.3564994,-0.0074036615
0.61945945,0.3319758,-0.15082842
0.6182047,0.3773242,-0.2198466
0.62586766,0.41351753,-0.2383546
0.728257,0.35699186,-0.028364833
0.6840745,0.3398337,-0.19689062
0.68810123,0.4049511,-0.21813388
0.7014239,0.44676852,-0.18355154
0.80035126,0.3628411,-0.07328646
0.7516865,0.34466583,-0.21954554
0.75378716,0.41073206,-0.19892162
0.7650256,0.45659232,-0.13193376
0.8802315,0.37357524,-0.12064162
0.8270257,0.3505668,-0.22858499
0.8036288,0.39361337,-0.21945618
0.8044677,0.42997903,-0.16746494
0.7410314,0.4921696,-7.279702E-5
0.6458782,0.46569902,-0.03572014
0.597933,0.39725173,-0.044411898
0.6034169,0.339141,-0.06574188
0.6075234,0.29089797,-0.076057695
0.66111976,0.35700738,-0.011849922
0.61576676,0.33117867,-0.15303147
0.61491036,0.3759387,-0.22134288
0.62342083,0.4121594,-0.2403284
0.7256766,0.358078,-0.0338441
0.68147063,0.33990327,-0.20171149
0.6864996,0.40483287,-0.22445306
0.7010582,0.44678935,-0.19139564
0.797865,0.36429754,-0.078354634
0.7501696,0.34601247,-0.22203633
0.75296223,0.41146675,-0.20070305
0.7646359,0.45704764,-0.13389327
0.8772208,0.37502164,-0.12566227
0.8255838,0.3516406,-0.23047224
0.80220294,0.39376262,-0.22027457
0.8019308,0.42930034,-0.16821736
0.5033541,0.82203627,-6.456675E-5
0.37252432,0.7865291,-0.016300084
0.2890461,0.71377456,-0.01664781
0.26065886,0.6543221,-0.03529758
0.2352113,0.6040203,-0.05305996
0.36246377,0.6639102,0.034931026
0.319057,0.6201459,-0.07614997
0.3269235,0.66573846,-0.15568085
0.34409857,0.70904505,-0.18038471
0.43454424,0.6625193,0.004900552
0.38449356,0.62893903,-0.14026958
0.3988209,0.69080144,-0.21330853
0.4228924,0.7433785,-0.2224249
0.5090382,0.66592807,-0.043663822
0.45993832,0.6430212,-0.16975959
0.46964017,0.7037187,-0.19632563
0.48750928,0.7553664,-0.16895723
0.59175175,0.6758056,-0.09087339
0.5451854,0.64692575,-0.17917125
0.52914697,0.688183,-0.19623965
0.5315549,0.7280292,-0.16986811
0.5821796,0.79663146,-1.4510522E-4
0.46248335,0.7541186,-0.0111348145
0.40016127,0.6787547,-0.008220014
0.38591173,0.6210567,-0.023477169
0.3674994,0.57066864,-0.040708814
0.4857062,0.6369897,0.04352399
0.44932625,0.59377235,-0.05688028
0.44770235,0.640007,-0.12648594
0.45546675,0.68282604,-0.1452527
0.55437994,0.63973445,0.013946946
0.5085701,0.6073294,-0.12412766
0.5099826,0.6677037,-0.19166535
0.5221953,0.7171304,-0.19614337
0.625205,0.6476422,-0.030869791
0.57476765,0.6254705,-0.14911363
0.57086664,0.68484634,-0.17503439
0.5760899,0.73401445,-0.14853399
0.7015489,0.6612189,-0.07569148
0.6545143,0.63613385,-0.15434124
0.6294977,0.6752265,-0.1671738
0.6227623,0.7131741,-0.13896818
0.58446854,0.7981112,-1.3047425E-4
0.4601797,0.7561885,-0.0056883805
0.39896378,0.681376,0.0023643998
0.38661206,0.6228633,-0.009949256
0.36744198,0.5722664,-0.024190584
0.47897804,0.6418883,0.06517018
0.4438411,0.5949106,-0.03549676
0.44101903,0.63742137,-0.11193895
0.44819012,0.6801204,-0.13493454
0.5469868,0.64358926,0.035521552
0.503918,0.60779446,-0.10093522
0.50596064,0.66718936,-0.17494883
0.5177904,0.71714556,-0.18515654
0.6177778,0.65019596,-0.010727239
0.5719092,0.6243909,-0.12462422
0.5688959,0.6832539,-0.15368563
0.57433873,0.7329369,-0.12740576
0.6957763,0.66235286,-0.056703225
0.65311885,0.6327592,-0.13201569
0.6295903,0.67124903,-0.14351258
0.6245082,0.7095876,-0.11334546
0.56844664,0.79624796,9.714489E-6
0.44533056,0.7582237,-0.015488742
0.37409252,0.6901227,-0.0066445107
0.34694776,0.6303662,-0.012367306
0.31092286,0.5850258,-0.01687719
0.43256307,0.65730125,0.09742356
0.4095909,0.60293484,0.0026494064
0.42618716,0.6356641,-0.07778909
0.44642764,0.674371,-0.10821326
0.5001362,0.65636843,0.08178771
0.47938433,0.6060653,-0.032677963
0.49569833,0.6588424,-0.095111
0.5113676,0.7012937,-0.09553371
0.56656194,0.6612795,0.04641734
0.55075324,0.62205404,-0.065987214
0.5512202,0.6766314,-0.09906418
0.5567641,0.72014916,-0.07382536
0.63951504,0.6718673,0.010931222
0.62049514,0.6396478,-0.06457078
0.6065195,0.6763332,-0.07862978
0.6064009,0.7092576,-0.049333587
0.35343143,0.8657049,-1.8478146E-5
0.23073933,0.8276491,-0.028249348
0.15406585,0.75820786,-0.03500481
0.12709126,0.6997471,-0.059673566
0.0954106,0.6503708,-0.08208579
0.2190216,0.7148624,0.038098093
0.19108686,0.667748,-0.0752325
0.20508976,0.7119409,-0.15660785
0.22467193,0.75469077,-0.1841696
0.29034725,0.7153234,0.018114762
0.25921717,0.6780757,-0.12908423
0.2756276,0.73800355,-0.19139415
0.29746607,0.7848494,-0.19131236
0.3609919,0.7193893,-0.02359049
0.3294596,0.6912513,-0.15531643
0.3364283,0.74988085,-0.18193433
0.34928545,0.7970035,-0.1523271
0.43831968,0.7289727,-0.06493978
0.4048483,0.69728285,-0.1527862
0.39212763,0.7369132,-0.17190091
0.39399597,0.77418685,-0.14824991
0.49009985,0.86314416,-1.3888227E-4
0.3601126,0.8241577,-0.04165059
0.28877965,0.73391145,-0.055997003
0.2704433,0.6633035,-0.08379831
0.23803407,0.60539347,-0.110453546
0.37286642,0.6750522,-0.026263488
0.33079594,0.6473808,-0.17675656
0.33250764,0.7073663,-0.25343233
0.3427157,0.75480324,-0.2726081
0.45975313,0.6769687,-0.054347154
0.40592095,0.66510713,-0.25032958
0.41869333,0.74381924,-0.30197626
0.43947372,0.7975829,-0.27943957
0.54950297,0.6881708,-0.10471809
0.49317878,0.6826649,-0.27378026
0.49639887,0.7584282,-0.27269128
0.506017,0.81072843,-0.21111669
0.6418089,0.7078686,-0.15529498
0.59323645,0.691316,-0.27229753
0.56892836,0.74117774,-0.2691263
0.5644276,0.77981734,-0.21149811
0.6668545,0.8923818,-1.5850374E-4
0.51651955,0.85573417,-0.061672445
0.43130636,0.7544331,-0.10470616
0.40980047,0.67313045,-0.15246677
0.37267894,0.60946035,-0.21001318
0.51835155,0.67134506,-0.083808295
0.46916133,0.6508111,-0.22685564
0.46830973,0.713674,-0.30375206
0.47540513,0.7641712,-0.3333207
0.6210144,0.66929775,-0.11058565
0.5604871,0.67361826,-0.29443362
0.56758994,0.7603045,-0.344664
0.5828795,0.81964207,-0.32862064
0.7263244,0.6820606,-0.15648982
0.6613084,0.6934069,-0.3085181
0.6578579,0.7754838,-0.3010401
0.66133904,0.83055687,-0.24438368
0.83190906,0.7059696,-0.20360127
0.76784927,0.7122619,-0.31856698
0.73628575,0.7705949,-0.3089743
0.72469074,0.80986905,-0.24967867
0.66427124,0.8920717,-1.467689E-4
0.5150883,0.85444283,-0.06456224
0.4307909,0.75112736,-0.11039603
0.4097158,0.66761875,-0.15726073
0.36975613,0.60150087,-0.20982714
0.5238844,0.66576195,-0.092886165
0.47029802,0.64887905,-0.23926985
0.47165504,0.7164467,-0.30829862
0.4815213,0.7679852,-0.33131072
0.6285644,0.66482913,-0.118652984
0.5646429,0.67466843,-0.30297467
0.57013583,0.7627816,-0.34422588
0.58520114,0.8191063,-0.32242513
0.7331298,0.6799598,-0.16326
0.66618466,0.69470406,-0.31693888
0.6593184,0.7774323,-0.30270925
0.6616843,0.82993346,-0.24299644
0.8358758,0.70633775,-0.21088536
0.7713069,0.7132155,-0.32451388
0.73644316,0.7719784,-0.31174392
0.7240307,0.8099253,-0.25185296
0.5299217,0.7224665,-1.610121E-4
0.3704562,0.68372506,-0.06619212
0.2694078,0.5855833,-0.107256666
0.2331311,0.50388134,-0.15480307
0.17679372,0.44139898,-0.21102956
0.3524907,0.51491845,-0.040852048
0.32378426,0.46639895,-0.19429952
0.3437426,0.53254116,-0.28944153
0.36408997,0.5890119,-0.3209413
0.4583843,0.5135181,-0.05917472
0.422634,0.48637357,-0.26093706
0.44209784,0.5697404,-0.3373462
0.46588898,0.628484,-0.3288917
0.56407243,0.5233326,-0.10149874
0.5270771,0.5131557,-0.27636462
0.5248202,0.59198445,-0.3038955
0.5319158,0.6476512,-0.26084998
0.6745534,0.5416233,-0.14501174
0.6388443,0.5240765,-0.25940242
0.60853344,0.57855654,-0.2718698
0.5963001,0.61871856,-0.22552712
0.5362828,0.7247194,-1.9056135E-4
0.38228986,0.68766683,-0.062176604
0.2772124,0.59228975,-0.09494669
0.23759402,0.5125401,-0.13715775
0.18386686,0.45201015,-0.1916127
0.34918216,0.5282319,-0.033902247
0.31764376,0.4735679,-0.19950369
0.3376966,0.5343161,-0.3156782
0.35979557,0.58984745,-0.36536348
0.451995,0.52479714,-0.05394806
0.41793376,0.4865218,-0.27193794
0.43791443,0.568582,-0.36450258
0.4637512,0.6302149,-0.36120266
0.55810755,0.53298676,-0.09723
0.526347,0.51372725,-0.28242114
0.52774364,0.59203815,-0.32116798
0.53728133,0.651004,-0.2787819
0.6692081,0.54933,-0.13959533
0.64276546,0.5258575,-0.26148707
0.61713046,0.57913774,-0.27632037
0.60488814,0.6209066,-0.23119272
0.41725987,0.7012314,-1.4284272E-4
0.27160215,0.6716424,-0.11871218
0.17580874,0.58309305,-0.1907587
0.14757499,0.49983352,-0.26057068
0.09869668,0.43559706,-0.34368566
0.23316415,0.49968123,-0.08218712
0.22424637,0.45511255,-0.27157646
0.25547454,0.5161925,-0.4022317
0.2833118,0.56639147,-0.46001235
0.33884624,0.4919731,-0.07510195
0.33048597,0.4607644,-0.29224607
0.34820038,0.5474986,-0.36724716
0.3688989,0.6084766,-0.34813198
0.4490723,0.50066924,-0.09608161
0.4407231,0.48854578,-0.28998482
0.43358082,0.56957024,-0.3117507
0.43549168,0.6250577,-0.2561031
0.55688775,0.52037746,-0.12067994
0.54371846,0.5079436,-0.25481567
0.5152256,0.56432205,-0.2576897
0.4998925,0.6035827,-0.19681713
0.43969572,0.8104248,-4.3187647E-5
0.31973696,0.77281827,9.975035E-4
0.25762257,0.7104242,0.02004861
0.2436186,0.6557225,0.02160602
0.23269705,0.6103105,0.020253778
0.3334056,0.6768442,0.11439848
0.31377584,0.62739706,0.028907843
0.31204322,0.6583424,-0.06417335
0.31946614,0.6961123,-0.105686575
0.39525238,0.67729145,0.091870695
0.3694445,0.6339651,-0.014474654
0.36507344,0.68373173,-0.09527593
0.37326947,0.72899246,-0.116818786
0.45868966,0.68151337,0.053674117
0.430362,0.6496089,-0.0487365
0.41954806,0.7020279,-0.0958891
0.42023078,0.74648815,-0.08737222
0.52913713,0.68994,0.016547108
0.496995,0.66172343,-0.05743825
0.47606707,0.69809836,-0.07832021
0.47252268,0.7334677,-0.05905335
0.43307528,0.8074535,-8.6458014E-5
0.3325764,0.7751776,-0.018730892
0.28345397,0.71736646,-0.019577505
0.27578643,0.66894126,-0.029723717
0.25901356,0.62810695,-0.044011343
0.35341573,0.6824155,0.025784466
0.33184385,0.64953196,-0.05275752
0.33138603,0.68692166,-0.113751
0.33734828,0.7212795,-0.13536139
0.41044897,0.6846721,0.009159993
0.38208377,0.6597464,-0.098188564
0.38179538,0.70814806,-0.15218104
0.3917487,0.7487675,-0.15524602
0.4685431,0.69164264,-0.02069546
0.43717358,0.6761527,-0.11660212
0.43113044,0.72355556,-0.13903284
0.43458936,0.7627183,-0.11709938
0.53034204,0.7032779,-0.050322652
0.5030925,0.6861152,-0.11637266
0.47998062,0.7175532,-0.12897223
0.4709145,0.7470575,-0.105977476
0.46711147,0.7616597,-1.18443204E-4
0.36672103,0.7384384,-0.04033416
0.30837807,0.6712495,-0.06559188
0.29382142,0.6181043,-0.08844179
0.2648149,0.5762062,-0.116982
0.37526792,0.6090313,-0.09585782
0.33262208,0.61470485,-0.19862697
0.335378,0.66010034,-0.23750348
0.34329665,0.6953423,-0.25207984
0.44538584,0.6066646,-0.11449613
0.3982249,0.63385636,-0.24151365
0.4040248,0.6887259,-0.2648745
0.41780454,0.7276253,-0.25912407
0.51551306,0.6181165,-0.1409707
0.46802664,0.6467707,-0.25443402
0.4659124,0.69905764,-0.2495117
0.47078228,0.7334495,-0.21992855
0.58092093,0.6372056,-0.16853955
0.5413868,0.6514125,-0.25599843
0.5195527,0.6885408,-0.25212488
0.51125336,0.7125732,-0.22394921
0.46986622,0.7606609,-1.06742955E-4
0.37000814,0.7383374,-0.04056407
0.31314152,0.6711563,-0.06560731
0.30103815,0.6186907,-0.08788098
0.270024,0.5775419,-0.11494711
0.38056067,0.6068478,-0.09982102
0.33674634,0.61706716,-0.2038761
0.3393946,0.662602,-0.24375819
0.34745294,0.69772464,-0.2598332
0.44973224,0.60411495,-0.11958913
0.4020603,0.6353258,-0.24855405
0.40746835,0.69026065,-0.27001476
0.42150167,0.7299344,-0.2643413
0.51911426,0.6162369,-0.14812817
0.47009265,0.6475459,-0.26442704
0.4685269,0.6996066,-0.25861192
0.4749155,0.73479944,-0.22907479
0.5841861,0.6362159,-0.1778075
0.5424512,0.6533453,-0.26647407
0.52179825,0.6903748,-0.2629603
0.5154783,0.71468246,-0.23794183
0.5394625,0.58122784,-1.9703961E-4
0.3519675,0.52404165,-0.03360247
0.2389918,0.40661418,-0.043375444
0.20676202,0.31303683,-0.069823295
0.16562685,0.236596,-0.102654554
0.35640466,0.34125656,0.011822086
0.31370842,0.2758564,-0.14985135
0.31952122,0.34514758,-0.2527065
0.3328141,0.4120938,-0.28442568
0.47559896,0.34566337,-0.027506895
0.42172378,0.29964483,-0.2417382
0.42794085,0.3918625,-0.3345175
0.44461966,0.46912712,-0.33382186
0.59311557,0.36154577,-0.08952238
0.53387475,0.3339519,-0.28103262
0.52060765,0.42386854,-0.3159307
0.5211515,0.4971043,-0.27310753
0.7144167,0.38742107,-0.1503892
0.6631917,0.3571471,-0.27646902
0.62192416,0.4177694,-0.29239509
0.60508823,0.4702336,-0.24496613
0.53234094,0.5840425,-1.6557823E-4
0.34428865,0.52627397,-0.027350029
0.23702566,0.4130993,-0.036977157
0.20604447,0.32157177,-0.06771006
0.16447076,0.24452335,-0.10753981
0.35098636,0.3465868,0.022544108
0.30923986,0.27567396,-0.12943728
0.31191796,0.34145534,-0.24136509
0.32076177,0.40782332,-0.28095433
0.46683773,0.3501172,-0.019731699
0.41535002,0.30237576,-0.22533187
0.4206109,0.3910628,-0.33789173
0.43427876,0.4656555,-0.35443783
0.5820985,0.3634851,-0.08259039
0.52453935,0.33538356,-0.26321247
0.51278293,0.42188266,-0.31131443
0.51195896,0.4939376,-0.27986842
0.70358765,0.38647532,-0.14493366
0.6507218,0.35672495,-0.2658456
0.6103998,0.4167013,-0.29040554
0.5920828,0.4691279,-0.24922101
0.5798284,0.5302837,-1.1895912E-4
0.40491346,0.4773074,-2.8997156E-4
0.31719714,0.3905095,0.018270815
0.30442184,0.31458023,0.017387813
0.28839022,0.24971792,0.012555469
0.41967618,0.33417735,0.07777322
0.38499215,0.27800846,-0.036871437
0.38888752,0.33474886,-0.12732144
0.40336722,0.39157423,-0.1597756
0.5135805,0.3324967,0.041563265
0.47173172,0.29408866,-0.106387965
0.47570887,0.36837327,-0.18609716
0.4972633,0.43362373,-0.19978113
0.6099112,0.33793157,-0.013606109
0.56592405,0.30793035,-0.14655568
0.562974,0.38244537,-0.18213725
0.5771552,0.44509012,-0.16173373
0.71473783,0.35013252,-0.0668805
0.6736201,0.3143736,-0.15783614
0.6486779,0.36556843,-0.18657473
0.6476692,0.4158704,-0.16481806
0.54671746,0.6462631,-7.718393E-5
0.38425142,0.6024313,0.011996614
0.30702972,0.5322892,0.056587826
0.30132043,0.46247008,0.0821634
0.30150086,0.4048854,0.10022619
0.4086253,0.49099982,0.19153056
0.3887927,0.43312013,0.10572959
0.39131054,0.47305197,0.0073914155
0.40834507,0.51878226,-0.027567057
0.48970598,0.4899531,0.16431063
0.47628894,0.43907806,0.041408297
0.47597536,0.50118816,-0.05471814
0.49068528,0.55915326,-0.06857286
0.5732366,0.4932659,0.12126656
0.5629428,0.45272157,-0.0048113368
0.5536471,0.51939386,-0.06813113
0.55774033,0.5767356,-0.05555259
0.66630596,0.49999332,0.07862529
0.65160197,0.4590096,-0.0027563772
0.6249293,0.5006368,-0.032471918
0.6152127,0.5463888,-0.0065949108
0.4830017,0.6779259,-1.6843261E-4
0.33683354,0.63032514,-0.0377302
0.26150692,0.5502933,-0.043511275
0.25464275,0.48002213,-0.065413274
0.2439332,0.41978726,-0.092428036
0.3604666,0.50018567,0.06386634
0.3491246,0.44572622,-0.07248515
0.35205036,0.49830574,-0.17714386
0.36403474,0.5469161,-0.21123572
0.44773945,0.50413316,0.04346199
0.4351524,0.4623943,-0.14335592
0.43302202,0.5364681,-0.22131717
0.4473461,0.59522986,-0.20976041
0.5351752,0.513505,-3.9935473E-4
0.5227436,0.48001263,-0.165724
0.5079751,0.5527486,-0.1985363
0.5089852,0.6104676,-0.15399434
0.62820864,0.5292968,-0.045983344
0.61947274,0.49014616,-0.14772008
0.5880385,0.5345762,-0.16667102
0.5733359,0.5798399,-0.12674507
0.47404328,0.7043861,-4.2752E-5
0.35942984,0.68662745,-0.129503
0.27002603,0.6151905,-0.20652734
0.25238538,0.54739964,-0.26515242
0.2448291,0.4952525,-0.32339278
0.32757062,0.51505494,-0.21778882
0.32656607,0.52781653,-0.38648856
0.3471251,0.5894434,-0.45762172
0.3548046,0.63548946,-0.48563415
0.41920486,0.50173223,-0.20520656
0.42984524,0.5462883,-0.3960236
0.43579698,0.61727214,-0.43015727
0.4344969,0.6653417,-0.42359117
0.51914775,0.5122159,-0.2115742
0.51886237,0.5532266,-0.3736791
0.50717455,0.61687607,-0.37344795
0.49640563,0.65740645,-0.34055886
0.6163053,0.5337325,-0.22405216
0.6167338,0.5576983,-0.3533896
0.58681047,0.6060075,-0.36492324
0.5608733,0.6351392,-0.34872532
0.47801733,0.70548385,-6.375735E-5
0.36325514,0.6886186,-0.13173217
0.27234557,0.6158947,-0.20663102
0.25495023,0.54684025,-0.26165405
0.25297916,0.49509814,-0.3147758
0.33432305,0.51811653,-0.21238849
0.33257675,0.52925086,-0.3810194
0.35121086,0.5913112,-0.44758168
0.35715204,0.63668364,-0.47130197
0.42563796,0.50480074,-0.19850582
0.4360771,0.5473649,-0.39343956
0.4394134,0.619104,-0.4281339
0.436233,0.666226,-0.41868058
0.52439415,0.5147672,-0.20509726
0.52636665,0.5547478,-0.3732846
0.51188904,0.619521,-0.3742337
0.49880713,0.6594119,-0.33942506
0.62035286,0.5354263,-0.21753651
0.62431884,0.559165,-0.34946838
0.59419537,0.6078351,-0.36231712
0.56665343,0.6365164,-0.34480214
0.53357303,0.70513004,-1.0365817E-4
0.40486005,0.67877054,-0.0914535
0.3319983,0.60277814,-0.1285854
0.32432473,0.5310383,-0.17265396
0.31282946,0.47482786,-0.21680896
0.40269217,0.5374386,0.011483314
0.41307607,0.49919984,-0.13386817
0.42891118,0.5546635,-0.21406305
0.4378549,0.59273875,-0.22270079
0.48418733,0.5368774,0.016527487
0.49856976,0.5043256,-0.15108483
0.4978318,0.57563704,-0.19270258
0.5003111,0.6156266,-0.1580685
0.5676896,0.54708326,-0.008439186
0.57834655,0.5174221,-0.16416098
0.560814,0.58742017,-0.17334789
0.5527253,0.62932086,-0.11330603
0.6551595,0.5657435,-0.040363755
0.66306084,0.53243595,-0.1391824
0.6332297,0.57384706,-0.1384433
0.6157569,0.606796,-0.08260291
0.57413524,0.68909025,-1.6234216E-4
0.43955323,0.651321,-0.02979984
0.37612247,0.5624732,-0.03425814
0.37579027,0.49104086,-0.051973812
0.36511093,0.43443894,-0.072732724
0.4791777,0.5038836,0.0011645945
0.4327397,0.4765789,-0.12761521
0.4258399,0.53040034,-0.1977311
0.43268952,0.573812,-0.2167417
0.5676015,0.50714654,-0.026988616
0.5101641,0.49502987,-0.18984179
0.50877184,0.57077193,-0.23913947
0.5203763,0.6238161,-0.22144862
0.6562389,0.5209555,-0.073795415
0.59634036,0.5103949,-0.22253725
0.5888992,0.58327824,-0.2265819
0.59263617,0.6351999,-0.17177263
0.7473039,0.543325,-0.12016449
0.69469035,0.5256087,-0.23492108
0.66230357,0.57435614,-0.23685504
0.6526458,0.6138239,-0.18101066
0.61213773,0.6848705,-1.3891247E-4
0.47852564,0.6446574,-0.04252586
0.4121458,0.55503184,-0.065983295
0.399643,0.48459274,-0.094524935
0.37879756,0.4279433,-0.12280049
0.5299452,0.47825855,-0.073025115
0.46564972,0.4737275,-0.19654971
0.4684511,0.5375732,-0.23201384
0.48129332,0.5824059,-0.22852811
0.6239342,0.48052466,-0.09793592
0.54219353,0.49888614,-0.24322379
0.54412323,0.57110316,-0.27066264
0.55469,0.6195841,-0.25325933
0.709649,0.49943373,-0.13638031
0.62396646,0.51669955,-0.27173892
0.6166234,0.5849524,-0.2729453
0.6168397,0.62914395,-0.23484
0.7893667,0.5289224,-0.17743342
0.7249195,0.5271472,-0.27645123
0.6928569,0.5750587,-0.28394654
0.6774791,0.60891443,-0.2508808
0.61488456,0.6849948,-1.5997833E-4
0.48093742,0.6436709,-0.040011056
0.4129882,0.5547765,-0.063957565
0.40073198,0.48492834,-0.09383728
0.38192093,0.42910534,-0.12328278
0.5349205,0.47457686,-0.08863079
0.46712568,0.4750697,-0.21494433
0.47115088,0.5405525,-0.24858607
0.48558235,0.58447826,-0.24619837
0.6297502,0.4768651,-0.116449796
0.5461203,0.5021621,-0.2643442
0.5477759,0.57454467,-0.28886795
0.56023145,0.6211616,-0.27236974
0.7165091,0.4962656,-0.15719786
0.6283969,0.5211037,-0.2949547
0.62107104,0.58919626,-0.29321542
0.6241661,0.63129824,-0.25389814
0.79601276,0.5258651,-0.19984321
0.7303641,0.53065264,-0.30406392
0.69752383,0.5802724,-0.30965993
0.68366015,0.61242366,-0.27411613
0.6484791,0.6857284,-1.21292665E-4
0.5119211,0.64545894,-0.06286669
0.44007897,0.5595032,-0.09839452
0.43509364,0.48860317,-0.13739532
0.4388969,0.43379772,-0.17309034
0.5448707,0.49033073,-0.07026568
0.5139114,0.47269106,-0.19932912
0.51507413,0.53273827,-0.26188335
0.5196406,0.5784947,-0.2763731
0.6364649,0.4929216,-0.08521457
0.600768,0.49651456,-0.2464759
0.5979146,0.5708002,-0.29179493
0.6004954,0.6218422,-0.27979493
0.72531605,0.50880444,-0.118196964
0.6877562,0.513514,-0.26526105
0.6697239,0.58236635,-0.27558357
0.6579072,0.6288029,-0.23554374
0.8109933,0.53335446,-0.15447186
0.78498435,0.5231178,-0.25731137
0.74579376,0.56898,-0.26522762
0.71925557,0.6038835,-0.22412077
0.65229666,0.6767603,-1.670495E-4
0.52040666,0.6387878,-0.061402798
0.4497013,0.55881006,-0.08224633
0.4430775,0.48816842,-0.110600784
0.4349018,0.43060094,-0.14527549
0.5354479,0.5006888,0.009299741
0.52857757,0.46075943,-0.121951684
0.53228056,0.51311773,-0.20345002
0.5391756,0.555326,-0.22374348
0.6215735,0.5027843,-0.0030666934
0.61113626,0.4768128,-0.18116334
0.61152977,0.54975593,-0.23733415
0.6215165,0.6035414,-0.21439864
0.7102287,0.51459503,-0.040156707
0.69751894,0.49394092,-0.20204957
0.68100035,0.56646514,-0.21758574
0.67713207,0.6189627,-0.1652429
0.80013597,0.5351503,-0.07948031
0.79019195,0.5081657,-0.1837587
0.75714266,0.5542299,-0.19544114
0.7394858,0.5945408,-0.14924079
0.66377544,0.6856637,-1.0212435E-4
0.51315665,0.63575685,-0.02427868
0.43412226,0.56213105,-0.018281886
0.4193226,0.4933673,-0.028696397
0.4075179,0.43701443,-0.03843314
0.5151286,0.51804745,0.10044767
0.5082807,0.4592367,-0.00879718
0.51952016,0.5035645,-0.1086828
0.53583175,0.54923564,-0.14220087
0.59962726,0.51959825,0.085112736
0.5992053,0.47213483,-0.06303762
0.60233086,0.5378937,-0.15073627
0.610254,0.5919783,-0.15807094
0.682046,0.5252059,0.048268862
0.67999727,0.4871904,-0.08648026
0.6726526,0.55161977,-0.13393222
0.6719581,0.60611284,-0.10941373
0.7699902,0.53561175,0.010612743
0.76420546,0.49316725,-0.07286069
0.7421102,0.5332912,-0.099365994
0.7320231,0.5780014,-0.07208101
0.6267228,0.7080334,-1.4620271E-4
0.4609777,0.6631101,-0.034425255
0.35125202,0.58688784,-0.041899316
0.32466483,0.512417,-0.064504765
0.33171397,0.45106378,-0.076501414
0.43511903,0.5226218,0.055415098
0.41394892,0.46545422,-0.06584664
0.43275642,0.52100784,-0.15713358
0.45350665,0.5738601,-0.18103048
0.530441,0.52059716,0.037718818
0.51748574,0.480485,-0.11150729
0.53040045,0.5527405,-0.182148
0.5469972,0.60912716,-0.18136804
0.6215543,0.52551323,-0.0020259013
0.6024287,0.49474877,-0.1439475
0.6044981,0.56576866,-0.18321563
0.6140443,0.6228653,-0.15840219
0.7176435,0.53672296,-0.04315172
0.69059044,0.5006317,-0.1309817
0.67341626,0.548304,-0.16190983
0.6732128,0.595094,-0.14133364
0.63160115,0.70878565,-1.4640881E-4
0.462976,0.66451836,-0.036645893
0.3530824,0.5889349,-0.04558149
0.32673383,0.51516825,-0.06880006
0.33402944,0.4541304,-0.08020854
0.43312472,0.525591,0.04937379
0.41244546,0.46568307,-0.07500629
0.4328956,0.5191669,-0.16632323
0.45504725,0.57121694,-0.18996729
0.52887744,0.52395415,0.032212377
0.5175016,0.4822052,-0.12498616
0.53227764,0.55446523,-0.1928356
0.5502699,0.6100929,-0.18816291
0.6206368,0.52831805,-0.00858154
0.6028483,0.49535853,-0.1549833
0.6065085,0.5667676,-0.19260542
0.6178439,0.62324905,-0.16508709
0.71772784,0.5381708,-0.05049769
0.6914046,0.5002229,-0.1404322
0.67683244,0.54808104,-0.17225745
0.67952883,0.5935853,-0.15294634
0.61150765,0.6851732,-4.1629708E-5
0.444152,0.6480645,-0.051783953
0.334255,0.58111495,-0.077001154
0.30531645,0.5073108,-0.11395663
0.3173675,0.440593,-0.13474461
0.4101506,0.51469624,0.036603272
0.39462,0.44845003,-0.09201922
0.41958782,0.5054631,-0.17170335
0.4396403,0.5535639,-0.17707561
0.50248003,0.5105107,0.024275562
0.49895558,0.45477313,-0.13258627
0.51277316,0.5282377,-0.19384703
0.52707905,0.5753899,-0.1807195
0.5933331,0.51230055,-0.011935148
0.585616,0.46242374,-0.15791883
0.5873381,0.53493416,-0.18831594
0.5956053,0.5868161,-0.15311733
0.69034743,0.519316,-0.051584225
0.6728039,0.47056946,-0.13632263
0.656505,0.5194333,-0.16205919
0.6568277,0.5635367,-0.1356643
0.6074245,0.6822015,-7.54081E-5
0.43959892,0.64671314,-0.053575896
0.32849425,0.5804096,-0.07879388
0.29994148,0.5070709,-0.11461458
0.31465745,0.44069254,-0.13282359
0.40566057,0.51237124,0.036222294
0.3898751,0.4468525,-0.09161494
0.41476974,0.5034711,-0.170806
0.43542868,0.5507142,-0.17693515
0.49709484,0.5082022,0.024843484
0.49310917,0.45152548,-0.13069275
0.50625145,0.52526397,-0.18843412
0.52077144,0.5723137,-0.17320798
0.5873548,0.5101688,-0.010687769
0.57791466,0.45987678,-0.15651658
0.57979876,0.5325874,-0.18666899
0.58983654,0.58429104,-0.15226987
0.6836225,0.51743156,-0.049787946
0.66333735,0.46952102,-0.13566856
0.6472399,0.51868314,-0.16123721
0.6493033,0.5625301,-0.13655503
0.59209484,0.67524374,-2.9937268E-5
0.4310141,0.6416911,-0.09216271
0.32989228,0.5781716,-0.13765985
0.3013639,0.5053514,-0.18581867
0.29645544,0.43906188,-0.21382551
0.38763735,0.5067048,-0.022127317
0.3804012,0.44052318,-0.16717453
0.41168684,0.49913594,-0.25048015
0.43029094,0.5448095,-0.26032922
0.4802192,0.5013846,-0.014965065
0.48816672,0.44673458,-0.1902193
0.5057774,0.5229628,-0.24619654
0.5132594,0.56584656,-0.22602195
0.56954163,0.50282514,-0.034395516
0.572551,0.45349458,-0.192439
0.5791549,0.52704346,-0.21833387
0.58334184,0.5746963,-0.1757136
0.66199636,0.51036525,-0.060058683
0.6563049,0.46466962,-0.15694353
0.6444126,0.51349366,-0.18343209
0.64063084,0.55394155,-0.15291727
0.5922368,0.6427966,-7.599554E-5
0.4325081,0.60313964,-0.049572725
0.34508425,0.5308936,-0.0821007
0.32873404,0.4634055,-0.12591384
0.31546646,0.40379962,-0.16041669
0.43054298,0.46786025,-0.031728968
0.4080958,0.4184311,-0.16479108
0.42247123,0.4767961,-0.24369979
0.43685615,0.52267706,-0.2623885
0.52028877,0.46715334,-0.050221898
0.4991085,0.4307987,-0.20489866
0.5050202,0.5018368,-0.25346485
0.5211176,0.546947,-0.24206123
0.6105124,0.47341752,-0.09153134
0.5881838,0.44010857,-0.22480427
0.58212304,0.50946647,-0.23840621
0.5900838,0.5562473,-0.2013214
0.70550704,0.48716173,-0.13509859
0.6821083,0.4499294,-0.21872558
0.656874,0.49593434,-0.23871076
0.651795,0.5351879,-0.21100229
0.61137694,0.64646804,-1.7160033E-4
0.46008664,0.61118275,-0.05341848
0.37114298,0.53338933,-0.085568585
0.3532655,0.4659206,-0.13059945
0.34926802,0.4070147,-0.16240914
0.4661699,0.46549994,-0.021242991
0.43219295,0.423429,-0.15811296
0.44560498,0.48481026,-0.2259081
0.46346045,0.5292198,-0.23478499
0.5526434,0.46598995,-0.04281577
0.5172837,0.4347614,-0.20739457
0.52923995,0.51101047,-0.24146964
0.55561525,0.55586416,-0.20908676
0.64180446,0.4741536,-0.0902208
0.60508883,0.44473016,-0.23003915
0.6011251,0.51855963,-0.22774802
0.61551297,0.563803,-0.1778667
0.7368689,0.49132234,-0.1410436
0.7025256,0.4612596,-0.22275893
0.6754814,0.50924796,-0.2287052
0.6743923,0.5452372,-0.1898037
0.63558203,0.6648643,-1.3509931E-4
0.4772793,0.6225958,-0.015406391
0.39872953,0.5465604,-0.010127199
0.38667917,0.47951245,-0.0238574
0.37519547,0.4218878,-0.03690109
0.49672943,0.4879259,0.0700883
0.46192378,0.43632674,-0.043394748
0.46855834,0.49011207,-0.12733996
0.485932,0.5361798,-0.15110332
0.5756596,0.48902795,0.043481067
0.5370279,0.44665313,-0.09922925
0.5418414,0.51753837,-0.16469803
0.5636527,0.5672153,-0.1598758
0.6581744,0.4948196,-0.005328269
0.6184948,0.4557575,-0.13003011
0.6137378,0.52712137,-0.15805244
0.62678397,0.57989985,-0.12971076
0.7506871,0.50770164,-0.05409461
0.70852315,0.4705234,-0.13662815
0.6824439,0.5177331,-0.16071753
0.6825284,0.56128573,-0.1357582
0.65133536,0.6868969,-9.261144E-5
0.4945516,0.6354074,-0.00866118
0.41425955,0.56239027,0.002666118
0.40481284,0.49457747,-0.0060343007
0.4130735,0.4347826,-0.009141535
0.5178382,0.5124007,0.11703127
0.4902993,0.45218864,0.006781483
0.49067646,0.501183,-0.08432594
0.5048123,0.5468164,-0.1097025
0.596281,0.5144378,0.089854605
0.5682488,0.45961785,-0.042638764
0.5650313,0.5266404,-0.11263259
0.58362055,0.5761383,-0.11177175
0.6769314,0.52088845,0.03989289
0.6486687,0.4708243,-0.08277533
0.636823,0.5404921,-0.12013117
0.6485119,0.5941297,-0.098054856
0.7680274,0.5328383,-0.009710199
0.73327005,0.4852739,-0.081614904
0.70432365,0.5301787,-0.10457325
0.7057974,0.575017,-0.080386624
0.6526628,0.7000099,-5.3775675E-5
0.49210805,0.6479823,0.003406622
0.4131879,0.57622194,0.029201083
0.40694886,0.50676244,0.034689043
0.42239273,0.4465478,0.04524255
0.5188668,0.53049666,0.16148403
0.4974941,0.4658551,0.06755799
0.49586213,0.5111604,-0.027608298
0.5091002,0.5601519,-0.05863549
0.596396,0.53162724,0.1353362
0.5792659,0.4696735,0.023745539
0.5753392,0.5335249,-0.05956948
0.58932483,0.58674234,-0.07573829
0.675731,0.5369166,0.08933731
0.6573577,0.48111746,-0.020722728
0.6435585,0.54770243,-0.0737452
0.6493825,0.60395575,-0.06681976
0.76608515,0.5462415,0.04451447
0.7361469,0.4951634,-0.022962792
0.70799893,0.5383518,-0.049592927
0.7071412,0.58541536,-0.032211423
0.65053487,0.7023767,-6.735673E-5
0.49160865,0.65215296,-0.0034601062
0.40970677,0.5815985,0.019997012
0.39871773,0.512608,0.024861794
0.41076756,0.45363694,0.03410266
0.50980645,0.53431964,0.15751287
0.48993972,0.4692563,0.06743336
0.49176264,0.5112101,-0.028874133
0.5055274,0.55826974,-0.06185451
0.58761704,0.53474706,0.13424629
0.5732973,0.47283867,0.025141152
0.5723503,0.53528583,-0.05907568
0.5857138,0.58806646,-0.07658176
0.6675012,0.5395532,0.09054237
0.65348554,0.48467118,-0.018724203
0.6426915,0.55089194,-0.07635043
0.64770055,0.60695106,-0.07288888
0.75816303,0.548665,0.04731676
0.7333699,0.49862054,-0.020311013
0.70794225,0.5413319,-0.050323777
0.7064328,0.58751434,-0.036584187
0.5815352,0.6915122,-3.3164079E-6
0.4240495,0.6605163,-0.05500964
0.32495928,0.59364295,-0.049923174
0.29573455,0.5207283,-0.053281803
0.27169102,0.46177915,-0.044892035
0.37484586,0.54070807,0.101714745
0.36746064,0.47332984,-0.0022353989
0.40097907,0.5158073,-0.08114122
0.42813247,0.55823594,-0.09681089
0.4591252,0.5333379,0.10983496
0.46471092,0.47029093,-0.016176293
0.48804867,0.5325877,-0.08655778
0.50015646,0.5789913,-0.0849654
0.5374398,0.5319831,0.09347297
0.54546654,0.47929636,-0.03486735
0.5580125,0.54256546,-0.082030125
0.5652172,0.59278375,-0.05969003
0.6192287,0.5350132,0.07351455
0.61471605,0.48825034,-0.0052780425
0.6104274,0.5290042,-0.030551253
0.613605,0.57037574,-0.002790744
0.5656004,0.67346716,4.6429914E-6
0.41169629,0.6416787,-0.054845165
0.32029155,0.57574815,-0.056995824
0.29576284,0.50422126,-0.06623548
0.27406126,0.44492984,-0.064369075
0.3712626,0.5221155,0.07273817
0.36490056,0.45631114,-0.03618135
0.39491117,0.5018089,-0.11603136
0.4184254,0.54558176,-0.13417009
0.4551142,0.51558566,0.07739151
0.46186683,0.4553124,-0.049299326
0.48093128,0.51771855,-0.11780977
0.49162292,0.56375074,-0.11876129
0.5346903,0.5153047,0.058805488
0.5422508,0.46418706,-0.0670991
0.5509891,0.52814037,-0.11126903
0.55653596,0.5787214,-0.09023221
0.6178915,0.5200797,0.03706547
0.6142126,0.47570112,-0.04092079
0.60731614,0.5175517,-0.065945886
0.6077961,0.55876863,-0.040096253
0.56618375,0.6685823,-2.7578324E-5
0.409479,0.63097596,-0.03371667
0.31812328,0.5651154,-0.035108753
0.29584938,0.4949468,-0.047843385
0.28196344,0.43645263,-0.051878814
0.38241252,0.5117912,0.07500514
0.3715997,0.44778642,-0.028889492
0.39367628,0.49329704,-0.10951038
0.41675678,0.53876764,-0.13077457
0.46870092,0.5077048,0.06588022
0.46904817,0.45160505,-0.056932915
0.48025122,0.5146922,-0.12502262
0.4935378,0.5624299,-0.1308152
0.5512092,0.5094936,0.03531513
0.55154145,0.46384338,-0.08590352
0.55365205,0.5285174,-0.12632556
0.5612946,0.5786549,-0.10676193
0.6387803,0.5166736,0.0026575
0.6276995,0.47200507,-0.07497694
0.6140474,0.515016,-0.09979512
0.6146699,0.5563859,-0.07703994
0.5580386,0.66091096,-3.9332674E-5
0.39956272,0.6194371,-0.02241123
0.3155306,0.5491297,-0.028437497
0.29678613,0.48202008,-0.050586943
0.28325063,0.42426628,-0.06697648
0.40237242,0.49303403,0.053225245
0.3744762,0.43985462,-0.06594158
0.38700825,0.4921993,-0.1511898
0.4084688,0.5391385,-0.177589
0.48592538,0.49195218,0.031076169
0.4598461,0.4467241,-0.10092075
0.46561033,0.51272136,-0.16092576
0.48714003,0.5599695,-0.15987162
0.5679615,0.4964788,-0.012930364
0.5412949,0.4570669,-0.13702495
0.5376364,0.5230431,-0.1608986
0.5520457,0.5720539,-0.13111714
0.65748507,0.50819606,-0.057372883
0.6272413,0.4662877,-0.13383357
0.60628396,0.5100484,-0.15165961
0.61022574,0.5515792,-0.12335287
0.56463945,0.8152535,-5.6391527E-5
0.43269128,0.7888353,-0.033566397
0.34891355,0.727988,-0.045557886
0.32901448,0.66856617,-0.06948862
0.311786,0.61753607,-0.09081966
0.41192955,0.6688423,0.024104208
0.3843467,0.6250646,-0.08216737
0.40473914,0.67117,-0.15886527
0.4253023,0.7090848,-0.18126339
0.48484573,0.6637662,0.007548453
0.4607588,0.6298338,-0.12561154
0.47847503,0.6918098,-0.17980644
0.500243,0.7339214,-0.17229924
0.5601823,0.66465485,-0.029379703
0.538219,0.6358444,-0.1454658
0.54759645,0.6980395,-0.16447529
0.56305146,0.7419633,-0.13457516
0.64297926,0.6718978,-0.067839324
0.61805844,0.6395033,-0.13861978
0.6063262,0.68109524,-0.15470167
0.61032,0.7174032,-0.12902841
0.5818757,0.8212163,3.9955034E-5
0.45087537,0.7935794,-0.059449486
0.36893433,0.73398757,-0.07713411
0.34724003,0.67122114,-0.10307176
0.330854,0.6180476,-0.12098945
0.42287004,0.6776364,0.033398014
0.4152694,0.62260514,-0.07826155
0.44058275,0.6656635,-0.16065794
0.460082,0.70386535,-0.18293926
0.49760172,0.6727621,0.0341373
0.5006764,0.6252534,-0.102809906
0.51677114,0.68510526,-0.1630806
0.5273334,0.72558105,-0.1594975
0.5703362,0.67342436,0.011473913
0.5747593,0.63038045,-0.113804355
0.57986224,0.6907426,-0.14815712
0.58310604,0.7354045,-0.12581435
0.6478842,0.67934024,-0.015669454
0.6442434,0.6391314,-0.0922352
0.6338632,0.67828745,-0.11632939
0.63089204,0.714666,-0.09587595
0.58024037,0.81956214,3.549024E-5
0.44776642,0.78903556,-0.048834328
0.36912566,0.7298896,-0.060396124
0.35055923,0.6669779,-0.07994622
0.332662,0.61402345,-0.0926353
0.4229737,0.6758866,0.043285295
0.41847414,0.6209133,-0.060771573
0.44343323,0.66314673,-0.14304295
0.46339515,0.7023358,-0.16815239
0.49841267,0.67107266,0.0419
0.5047422,0.6247846,-0.08678946
0.5197915,0.68430406,-0.14978018
0.5299577,0.7271092,-0.15153788
0.570932,0.6717139,0.018816734
0.57767457,0.63046557,-0.101690136
0.5822711,0.6907116,-0.138545
0.5848194,0.7367583,-0.11896199
0.6477122,0.67729276,-0.007365908
0.6459614,0.638261,-0.084829256
0.6355376,0.6776836,-0.109835856
0.63111603,0.71488047,-0.0896327
0.5929489,0.805221,-1.4013973E-6
0.45397064,0.7694811,-0.0144041
0.3759349,0.70808953,-0.007845988
0.3593445,0.64736974,-0.017315062
0.3517481,0.5938554,-0.024834042
0.44868198,0.6611306,0.10111201
0.42694074,0.606512,0.014931405
0.43742666,0.64816636,-0.06561726
0.45591608,0.68926483,-0.09425814
0.5185439,0.6575973,0.08234706
0.50140417,0.60798496,-0.021439213
0.5090064,0.6635918,-0.090719946
0.5272605,0.707487,-0.10245771
0.5883392,0.6588238,0.04470101
0.5711977,0.61412376,-0.054387208
0.5710747,0.67247677,-0.09561069
0.58245116,0.71955925,-0.086930886
0.6654535,0.66488177,0.00640846
0.6426058,0.6226009,-0.055689685
0.6282398,0.6617125,-0.07942601
0.63265526,0.7010472,-0.06418994
0.5933629,0.8032019,1.2404016E-5
0.45438692,0.7679395,-0.008578398
0.3778593,0.7058628,0.0035272723
0.36293107,0.6451762,-0.0026060224
0.3553163,0.59130245,-0.006824777
0.4530152,0.66041875,0.11768107
0.43136322,0.60489494,0.035019673
0.44065216,0.64656556,-0.04442573
0.45919272,0.6881111,-0.07283013
0.52056545,0.65709335,0.09729256
0.50181085,0.60641277,-0.0023232962
0.509235,0.6624584,-0.072664715
0.52819335,0.7064484,-0.08430755
0.588708,0.6579963,0.05793917
0.57030666,0.61212575,-0.037903566
0.56967664,0.6713066,-0.08088882
0.5813401,0.71893513,-0.07344838
0.66550046,0.66364336,0.017927196
0.6411522,0.62190413,-0.041734353
0.6267935,0.66176355,-0.06478232
0.6323216,0.7012094,-0.049166534
0.60466987,0.7758899,-1.5221856E-5
0.46850657,0.735178,-0.004767129
0.40217835,0.66443425,0.005384816
0.39448124,0.6039548,-0.0054182243
0.3866222,0.54903567,-0.015617946
0.48370856,0.6201305,0.09800884
0.45879626,0.5678135,-0.004943381
0.46350315,0.61392736,-0.08679895
0.47732627,0.65769684,-0.11144051
0.5538677,0.620508,0.071800955
0.5270248,0.5750276,-0.039675675
0.5294915,0.6328988,-0.10607191
0.54492307,0.6741498,-0.109796144
0.6254304,0.62523335,0.026376273
0.6003683,0.58583313,-0.07667405
0.59264463,0.64646477,-0.109985456
0.59946615,0.69139093,-0.08876848
0.70620185,0.6361379,-0.019607224
0.67619324,0.598931,-0.08291478
0.65381366,0.6400841,-0.09591396
0.65659773,0.67831135,-0.065253735
0.6655763,0.6768615,-2.3143824E-5
0.5182489,0.62758857,0.01844753
0.45294374,0.5537353,0.03806338
0.4426,0.49117464,0.03309448
0.44045526,0.43813467,0.03519023
0.54803616,0.5095571,0.11969762
0.5169629,0.46332806,0.017864652
0.51434004,0.5100149,-0.061849564
0.5260564,0.55183154,-0.08041448
0.6190263,0.51137966,0.08348847
0.58087254,0.47224024,-0.020279437
0.5801994,0.531616,-0.08796862
0.59708166,0.5732803,-0.09018171
0.6921338,0.51838857,0.030637536
0.653622,0.48419455,-0.06273349
0.6433983,0.54326177,-0.094550766
0.6524131,0.5866767,-0.07514368
0.7744583,0.5316184,-0.023201395
0.7299988,0.49687988,-0.07427637
0.7032186,0.5356527,-0.08594628
0.7066705,0.57247704,-0.05485108
0.67470187,0.6605664,-2.7964143E-5
0.52676105,0.609357,0.016486624
0.45889455,0.5358742,0.036019582
0.44392174,0.47376093,0.03336029
0.44316238,0.42098612,0.035489853
0.55723083,0.49276897,0.120173514
0.5248927,0.4454313,0.023147792
0.5181393,0.48715574,-0.05896216
0.52825654,0.52776194,-0.08261874
0.62864625,0.4943174,0.0856926
0.5908141,0.45161396,-0.01391204
0.58671564,0.50985205,-0.086460344
0.60239625,0.5526408,-0.09470245
0.7037641,0.50171626,0.03476196
0.6679139,0.46351156,-0.053668644
0.6527105,0.5224142,-0.08865096
0.6590679,0.5672804,-0.07034043
0.7872036,0.51563364,-0.016778093
0.74667376,0.47869587,-0.0637003
0.7153312,0.517576,-0.06996205
0.7143042,0.55563724,-0.036872704
0.67932415,0.5643506,-1.6347867E-5
0.517418,0.51396704,0.003245571
0.43966776,0.4351517,0.022302674
0.4285196,0.3653112,0.020832723
0.42535418,0.30445066,0.015492317
0.5502527,0.38405168,0.1024591
0.51424026,0.32671118,-0.002345135
0.5128086,0.37761727,-0.08753357
0.5257934,0.42814872,-0.11487859
0.6336269,0.38484755,0.07073412
0.5943094,0.33200815,-0.04505611
0.5908897,0.39907494,-0.11224438
0.6091909,0.45465752,-0.12112011
0.71939194,0.3918991,0.018663073
0.68084884,0.34646502,-0.09156153
0.66725504,0.41650525,-0.12911709
0.6769324,0.4731288,-0.113963686
0.8143482,0.40563127,-0.030598916
0.77091444,0.36288267,-0.09883641
0.740188,0.40994987,-0.1196568
0.7399635,0.45614174,-0.09959132
0.6301328,0.55643284,-8.12158E-5
0.45232135,0.49637318,-0.030377233
0.36219436,0.41402993,-0.036284458
0.34809607,0.33899346,-0.05618173
0.34234548,0.273896,-0.06884918
0.4678172,0.3550323,0.047130294
0.44975948,0.28669164,-0.0586313
0.46094874,0.34287584,-0.14382094
0.4760269,0.39635974,-0.17029884
0.5643924,0.35824764,0.026644604
0.5488955,0.2997892,-0.11370673
0.54652536,0.37015864,-0.20063393
0.554541,0.42926124,-0.22186214
0.6585468,0.3668252,-0.012121707
0.64385504,0.31817114,-0.13857111
0.62931985,0.38773373,-0.18826824
0.6260537,0.4480048,-0.17983288
0.7591235,0.38174045,-0.052494463
0.74131536,0.33242992,-0.13715151
0.710467,0.37763163,-0.17667742
0.69325477,0.42763868,-0.17070769
0.6157011,0.55709326,-6.749824E-5
0.4386345,0.4968636,-0.031245362
0.34863585,0.4166034,-0.037694983
0.33350462,0.3422798,-0.059212804
0.32583654,0.27758652,-0.073005795
0.45184729,0.35969123,0.047320276
0.43476272,0.28998703,-0.057875264
0.4465065,0.3449509,-0.14151569
0.4619279,0.39810616,-0.16659012
0.5483783,0.36319298,0.028666751
0.53559494,0.30518594,-0.11180809
0.53434193,0.37512195,-0.19743325
0.54246163,0.43262878,-0.21508203
0.6418329,0.3715887,-0.008462793
0.6302133,0.32390317,-0.13541922
0.61618185,0.3926244,-0.1846334
0.61322576,0.45101562,-0.17304543
0.7413855,0.38559768,-0.04720026
0.72619617,0.33646822,-0.13162471
0.6954795,0.38086706,-0.17137487
0.6786882,0.42921746,-0.16367199
0.48658165,0.5371527,-6.382914E-5
0.3222623,0.49054107,-0.044264678
0.22971942,0.41429207,-0.05913966
0.20989223,0.3428418,-0.08671547
0.19110788,0.2829143,-0.1040712
0.31302088,0.3540676,0.02028201
0.30036205,0.2885865,-0.08610707
0.3253926,0.34257442,-0.15676051
0.34648138,0.39267868,-0.16986133
0.40796104,0.3558576,0.007891185
0.40535402,0.30525222,-0.1355865
0.41617078,0.37486002,-0.2084342
0.42388695,0.42675304,-0.21411635
0.49770346,0.36225623,-0.022692611
0.4959228,0.32269686,-0.15505533
0.49109456,0.39003852,-0.19677484
0.4872204,0.44236726,-0.17575409
0.59351814,0.37398925,-0.056194175
0.5856096,0.3308521,-0.1387169
0.56200755,0.3753654,-0.17201394
0.5471597,0.41892532,-0.1561026
0.565093,0.50709236,-1.5332192E-4
0.37690583,0.4519485,-0.041056525
0.27202266,0.35962737,-0.048991486
0.25177658,0.27725604,-0.07035849
0.24319853,0.20492211,-0.09067301
0.38274,0.28781053,0.029268328
0.35438907,0.21961035,-0.11078875
0.36890405,0.28699386,-0.21379751
0.3906716,0.34839463,-0.24633281
0.4894782,0.28857172,0.0070308554
0.46252543,0.23236644,-0.16340077
0.46551365,0.31740424,-0.23635277
0.4857915,0.3855591,-0.2373293
0.5949452,0.2970579,-0.039615724
0.5671157,0.2493557,-0.1953775
0.5557048,0.33244938,-0.2298909
0.56230974,0.40144345,-0.20310105
0.7067246,0.31350872,-0.085516
0.6744388,0.26556832,-0.18986554
0.64326763,0.32005426,-0.21953303
0.63642323,0.37474546,-0.19815119
0.6207698,0.7715539,-2.2829213E-4
0.41675472,0.7232651,-0.08677188
0.29829887,0.5943616,-0.12023088
0.29509196,0.48578554,-0.16382284
0.2822874,0.3965166,-0.2008015
0.42345107,0.50203764,-0.008295918
0.42046458,0.41717738,-0.216324
0.43524146,0.5015579,-0.34861642
0.44717637,0.5736731,-0.38105378
0.55907136,0.50698656,-0.028415425
0.5586848,0.43930197,-0.28728166
0.5558059,0.55183494,-0.36833346
0.5650603,0.6283175,-0.34030348
0.69118816,0.5244935,-0.084128745
0.6881397,0.4683073,-0.318945
0.66231835,0.57871073,-0.3417758
0.6532489,0.65627927,-0.27387065
0.8283473,0.5525281,-0.14370449
0.8184368,0.49871948,-0.28835782
0.77398926,0.5723428,-0.30354708
0.7515786,0.6314191,-0.24422763
0.62914485,0.75987816,-1.3305662E-4
0.41204125,0.69553083,-0.038028527
0.29973754,0.5563794,-0.05542867
0.29212645,0.4482015,-0.10179142
0.27883974,0.35542876,-0.14362201
0.4607107,0.46943945,0.04064415
0.40321368,0.3993559,-0.14744541
0.40509742,0.48919,-0.25896257
0.41979915,0.55866885,-0.28020236
0.5915992,0.47502297,-0.0058342377
0.5217981,0.42448315,-0.23341832
0.52338165,0.5364332,-0.3127946
0.5501659,0.6099336,-0.28470933
0.7224944,0.49238718,-0.084751286
0.6477512,0.4461157,-0.28424248
0.6308435,0.5541315,-0.30250704
0.6411293,0.63124907,-0.2426631
0.86308813,0.5226688,-0.16681546
0.79032034,0.4700514,-0.2846739
0.73849297,0.5409073,-0.2973552
0.72788763,0.6036354,-0.23834592
0.45916143,0.75692755,4.8088277E-6
0.34574312,0.7326796,-0.023245867
0.27957326,0.6817657,-0.031109288
0.26329213,0.63273513,-0.050112553
0.24758062,0.5913945,-0.06418974
0.32800305,0.63658565,0.02718247
0.31046426,0.6008172,-0.054615516
0.32375544,0.6374567,-0.118983544
0.3395591,0.66957736,-0.14038268
0.3865003,0.63388306,0.015302113
0.37074074,0.6074699,-0.08317517
0.37974536,0.6564028,-0.13292262
0.39505967,0.68997407,-0.13499404
0.44479388,0.6353674,-0.011340406
0.4288882,0.61262876,-0.10149002
0.431363,0.661668,-0.12417012
0.4415595,0.6971554,-0.10751056
0.5087937,0.64156765,-0.039295282
0.48740497,0.61724126,-0.09982276
0.47624594,0.6507114,-0.11890306
0.47858307,0.6803034,-0.102610484
0.5006008,0.7267718,-7.086013E-5
0.39300138,0.700724,-0.015306408
0.33496982,0.64866525,-0.018361043
0.322115,0.6002617,-0.035329476
0.30493546,0.5597272,-0.052503385
0.39188242,0.60657763,0.035223067
0.37020153,0.57051724,-0.044211254
0.37404138,0.6063895,-0.1034149
0.3837594,0.6381109,-0.12077811
0.44748622,0.6052522,0.017457638
0.42292663,0.5777236,-0.08059411
0.42465377,0.6257326,-0.1264361
0.43831483,0.6597065,-0.12090482
0.5048845,0.60878074,-0.014555304
0.48208234,0.587185,-0.10450427
0.47794387,0.63525146,-0.12319828
0.4864018,0.6702593,-0.10090357
0.5669653,0.61744267,-0.047503054
0.54342586,0.5954913,-0.10803603
0.5260834,0.62782216,-0.123054765
0.5254708,0.6557995,-0.10260069
0.47198868,0.7524127,-6.8592475E-5
0.3746094,0.73362386,-0.06917546
0.3122033,0.6861856,-0.09376522
0.2950581,0.63627595,-0.11899066
0.27768403,0.593057,-0.13238768
0.33970988,0.64336854,-0.010150571
0.34111732,0.60195744,-0.100901365
0.36543864,0.63877743,-0.15501763
0.37959552,0.6679269,-0.16499937
0.39730823,0.6386886,0.004121749
0.40582433,0.60087115,-0.103298664
0.421854,0.6489153,-0.1379392
0.42859396,0.6785229,-0.12652786
0.45129853,0.6385068,2.54578E-4
0.4595642,0.6061322,-0.10067009
0.46646446,0.65313685,-0.116034836
0.46807024,0.68609226,-0.09034713
0.5059755,0.64205885,-0.008651346
0.5079932,0.61302,-0.06950228
0.5036824,0.643558,-0.082854934
0.5019318,0.6704181,-0.061687306
0.46940526,0.75270236,-1.2746806E-5
0.36968225,0.73093635,-0.052867513
0.3108236,0.68338543,-0.06970093
0.29631895,0.63442326,-0.09167539
0.27617407,0.59336895,-0.10610071
0.34359232,0.6411874,0.014519273
0.34528807,0.6012157,-0.072087094
0.3656706,0.6379637,-0.12751332
0.37839684,0.66757053,-0.13748983
0.40054277,0.6368955,0.022224711
0.410887,0.6019805,-0.07725261
0.4219506,0.6494702,-0.11779214
0.42547753,0.6794358,-0.11183691
0.45427343,0.6373309,0.011722718
0.4631588,0.6067331,-0.08488019
0.46599895,0.6533864,-0.10478617
0.46589762,0.6870878,-0.081595324
0.5099386,0.64176613,-0.0023962273
0.5121545,0.61183035,-0.062589824
0.5044561,0.6428022,-0.078162774
0.5005647,0.67182,-0.056230836
0.5153953,0.7455429,-1.1159882E-4
0.41080755,0.720896,-0.0061594793
0.35217172,0.6628657,-0.0180168
0.3425091,0.6141352,-0.044317264
0.32859305,0.5756198,-0.063182056
0.42469257,0.6093309,-0.0048583886
0.37782767,0.59261143,-0.078640066
0.38442117,0.6355426,-0.10764742
0.39879537,0.6637046,-0.106782444
0.48364738,0.6098342,-0.032824337
0.42887273,0.606499,-0.11271595
0.43861768,0.657657,-0.124044776
0.45939803,0.6834823,-0.09803941
0.5394888,0.61855954,-0.073143415
0.4822595,0.6174799,-0.14625496
0.48587587,0.66721755,-0.13292286
0.500572,0.69336593,-0.09781952
0.5938786,0.6335729,-0.11536989
0.5388133,0.6289252,-0.1530963
0.5268772,0.6640391,-0.14775868
0.5349853,0.6844592,-0.11862375
0.5148897,0.74693435,-1.14133596E-4
0.41151235,0.72297424,-0.009005865
0.3542537,0.6645272,-0.022357782
0.34688997,0.6160841,-0.051557425
0.33304706,0.5773033,-0.07531112
0.4238159,0.61219877,-0.00388752
0.3815875,0.59354854,-0.081959315
0.3853265,0.6364225,-0.1169558
0.39621451,0.6655858,-0.11883612
0.48239815,0.6123925,-0.03219369
0.43170598,0.60768634,-0.1184141
0.4405869,0.6597027,-0.13485502
0.4598111,0.68639386,-0.11119402
0.5384941,0.6207593,-0.07342292
0.48570234,0.61779195,-0.1494361
0.48824656,0.6682347,-0.13817275
0.5013405,0.6954489,-0.10317437
0.594715,0.63533115,-0.116541274
0.54268086,0.62945074,-0.1552463
0.5299164,0.6653177,-0.14861004
0.53813946,0.6866845,-0.116639085
0.49606386,0.7437246,-4.3728065E-5
0.41328216,0.7305835,-0.05362959
0.3618619,0.68025595,-0.09128291
0.35804218,0.63573444,-0.12143782
0.3432057,0.60108346,-0.15291744
0.41520682,0.61589116,-0.107400656
0.39454812,0.6263301,-0.19320774
0.40072381,0.6668923,-0.21532147
0.40649036,0.6911271,-0.2169383
0.4769232,0.6116969,-0.11337395
0.45568624,0.6395422,-0.207988
0.4560598,0.6844007,-0.21123376
0.4633788,0.70591825,-0.19810978
0.5374132,0.62126285,-0.1308544
0.5147095,0.6454404,-0.21778667
0.5044672,0.68820786,-0.20285614
0.50506,0.70856583,-0.17800103
0.5952906,0.63846105,-0.15143067
0.576635,0.65230495,-0.21318702
0.5539717,0.6839256,-0.20942093
0.5449756,0.69942564,-0.19045371
0.4893629,0.74107325,-6.696761E-5
0.40449858,0.72804874,-0.048178125
0.3532339,0.6748931,-0.07463143
0.34669888,0.62819374,-0.097706385
0.32601285,0.5938602,-0.12408668
0.40052834,0.6208091,-0.06227592
0.3831894,0.61866033,-0.15237078
0.38922974,0.6579965,-0.18452545
0.39465815,0.68455195,-0.18770847
0.45907435,0.6172943,-0.070297524
0.44171056,0.6286145,-0.17062844
0.4461122,0.6771892,-0.17995982
0.45269045,0.70468456,-0.1593438
0.5193483,0.6242651,-0.09043433
0.49871144,0.6348227,-0.18701936
0.4951204,0.6812328,-0.17863041
0.49669257,0.7072515,-0.14581141
0.5789794,0.6385785,-0.11331795
0.5608384,0.6391753,-0.18276146
0.543091,0.6724183,-0.1779146
0.5359069,0.69342285,-0.1478804
0.487758,0.74112654,-6.211498E-5
0.40544167,0.7279464,-0.050727215
0.35420927,0.6761247,-0.08119918
0.3467088,0.63016397,-0.10862682
0.32602006,0.5951839,-0.13877244
0.3990782,0.6216562,-0.07110481
0.38057166,0.61824435,-0.1636794
0.38702297,0.65706784,-0.19764207
0.3936574,0.6836092,-0.20236143
0.45783314,0.61790794,-0.07897804
0.44129756,0.62822086,-0.18230778
0.44586918,0.6769953,-0.19178809
0.4528968,0.7051948,-0.17184593
0.5185822,0.6250398,-0.0987955
0.49971223,0.6353352,-0.19576403
0.4966201,0.6816142,-0.18542366
0.49877027,0.70794344,-0.1517865
0.5777282,0.6394818,-0.12138176
0.5610634,0.64036286,-0.1912154
0.5433872,0.6734114,-0.18312335
0.53603077,0.69419,-0.14986877
0.50707626,0.75424933,-5.405572E-5
0.40015665,0.7270634,-0.016864985
0.3388732,0.6798597,-0.012086556
0.32033044,0.6334055,-0.018962096
0.3026675,0.59436595,-0.021692432
0.3864999,0.6455263,0.06616464
0.37046027,0.6027844,-0.001770645
0.38159543,0.63351923,-0.058593154
0.3975282,0.6640314,-0.07509716
0.4410062,0.64298266,0.057192113
0.42971802,0.6052131,-0.027069662
0.43611786,0.64876616,-0.078267395
0.44919115,0.68288565,-0.08358222
0.49500334,0.6435919,0.034070697
0.48481,0.61082816,-0.046989396
0.48457035,0.6553234,-0.076982304
0.49198723,0.6915919,-0.064401925
0.5543826,0.64762974,0.009914562
0.53941274,0.6151265,-0.04317362
0.5267688,0.64474285,-0.061503123
0.5271422,0.6755541,-0.04608758
0.5068482,0.7551031,-5.114952E-5
0.39991513,0.7273616,-0.014432391
0.3388544,0.68034816,-0.00914772
0.32051766,0.63347185,-0.016125822
0.3037072,0.5940265,-0.020539926
0.3867022,0.6466027,0.07236045
0.37024802,0.6037473,0.004165046
0.3800841,0.6328846,-0.05643209
0.39630273,0.66337556,-0.07607763
0.44153407,0.6438556,0.062128823
0.43026358,0.60518885,-0.019695912
0.43668163,0.64727026,-0.07477307
0.45067918,0.6817806,-0.08444211
0.4957923,0.6443233,0.037730988
0.48603094,0.6108759,-0.041339505
0.48550668,0.6547945,-0.07413291
0.49356094,0.6915589,-0.06463913
0.5549467,0.64817756,0.0127671035
0.5400947,0.6156005,-0.03961186
0.52764404,0.6450237,-0.058729026
0.5287242,0.6759626,-0.044448026
0.5050481,0.7516164,-4.1170275E-5
0.39515993,0.7293466,-0.007044477
0.3317974,0.68619996,0.0069464073
0.31156594,0.6412262,0.009189573
0.29302886,0.60346216,0.014704656
0.37953347,0.64995754,0.092357405
0.36118707,0.6081883,0.03232287
0.37362015,0.6351805,-0.028451424
0.39330024,0.66449666,-0.05026506
0.43182883,0.6457014,0.08181938
0.41703373,0.60600066,0.008978594
0.42673415,0.6458925,-0.048174497
0.4445522,0.6796497,-0.061580423
0.48314697,0.64434266,0.05831533
0.47034872,0.610061,-0.015244721
0.4740751,0.6526709,-0.05231443
0.48578286,0.6886413,-0.048569117
0.5400297,0.64614785,0.03518528
0.5210254,0.61421555,-0.014511032
0.5123164,0.64273864,-0.03420135
0.5181577,0.67298234,-0.022801146
0.50778997,0.7510026,-2.124688E-5
0.39903113,0.72923785,-0.01214622
0.3334509,0.6869894,4.3378954E-4
0.31123888,0.64209294,9.4470213E-4
0.29575717,0.603527,0.005659287
0.37926343,0.65014243,0.092224635
0.36187112,0.60776806,0.029286273
0.37660554,0.63619876,-0.030558787
0.3958249,0.6665015,-0.049592827
0.43115267,0.6458044,0.08338811
0.41987205,0.6064105,0.008782057
0.43183452,0.6460788,-0.048736334
0.44798172,0.6787808,-0.060911123
0.4823826,0.64438826,0.060789697
0.47284615,0.6102804,-0.014626468
0.47771212,0.6524183,-0.053999163
0.48724845,0.6879997,-0.05070164
0.5387734,0.6457273,0.037864935
0.5226092,0.6147173,-0.011418023
0.51576865,0.6428309,-0.033066932
0.52064127,0.6728427,-0.022752455
0.5013542,0.7489701,-1.14906274E-4
0.3998018,0.72614634,-0.021931622
0.34435105,0.674795,-0.03142341
0.33442533,0.6280678,-0.052254815
0.32032984,0.5888252,-0.073705904
0.40036505,0.6276128,0.01629308
0.37734556,0.6014127,-0.06051963
0.38425967,0.63855,-0.11491811
0.39530534,0.66808915,-0.1298848
0.45563006,0.6260446,2.7675804E-4
0.4306206,0.60965246,-0.097112834
0.43609905,0.65707093,-0.14046697
0.45018384,0.69083095,-0.13333446
0.51221263,0.63109535,-0.028651968
0.488351,0.6199135,-0.114909805
0.4869899,0.6670951,-0.12927455
0.4937479,0.7004771,-0.10498937
0.57288384,0.64218205,-0.05839518
0.54988724,0.62799597,-0.115846105
0.5334632,0.6601338,-0.12603545
0.53002405,0.6864963,-0.10191959