0.7522967,0.80897593,-1.608214E-4
0.6228536,0.7796682,-0.13185543
0.5184788,0.7311042,-0.26671454
0.5488841,0.68267095,-0.3996448
0.644133,0.660414,-0.5045824
0.55272394,0.6001658,-0.087877706
0.51059365,0.48884404,-0.16915601
0.48902693,0.43011308,-0.20870712
0.4786178,0.3776011,-0.22517355
0.6533691,0.5980644,-0.102791786
0.6208997,0.5256426,-0.28757372
0.63513845,0.6080894,-0.33618468
0.64880043,0.6617391,-0.29488847
0.7487063,0.60340023,-0.13793848
0.72418356,0.5360428,-0.28500682
0.7255107,0.61170846,-0.31571802
0.733207,0.661943,-0.27854195
0.84903026,0.61975807,-0.18549183
0.838349,0.55132675,-0.27061003
0.818652,0.59391004,-0.3066636
0.8091835,0.63626754,-0.2908258
0.745297,0.82629836,-2.0496977E-4
0.623582,0.79797554,-0.122289896
0.5331111,0.748519,-0.2396092
0.5487461,0.6910355,-0.3528545
0.62515825,0.65217113,-0.44484183
0.5441047,0.61952746,-0.049596835
0.5073167,0.51020885,-0.1116772
0.49764526,0.45039856,-0.1486259
0.49696046,0.39694035,-0.16779606
0.63672656,0.6162071,-0.06353147
0.59530246,0.5403971,-0.23030198
0.6095795,0.62228215,-0.27932128
0.6249745,0.67527944,-0.23959033
0.72632146,0.6202434,-0.096452445
0.6920718,0.548894,-0.2298814
0.6916245,0.6255331,-0.26633874
0.70203555,0.67385757,-0.23504853
0.82153964,0.6344023,-0.14181645
0.7972259,0.5669016,-0.2146876
0.7796203,0.6105429,-0.24730779
0.7786264,0.64910156,-0.2325996
0.7426764,0.8197829,-1.694586E-4
0.62004507,0.7942461,-0.12005612
0.51972336,0.74555165,-0.23578118
0.5323778,0.6868679,-0.35003075
0.61692303,0.65231943,-0.44101968
0.541628,0.6138989,-0.051029447
0.5038878,0.5038858,-0.12107939
0.49154073,0.44449484,-0.16072427
0.48783648,0.39139116,-0.17865643
0.6369861,0.6116366,-0.06699362
0.5988519,0.5418581,-0.237603
0.6150331,0.6248188,-0.28925207
0.6306089,0.674368,-0.25549814
0.72675765,0.61599976,-0.10248047
0.69528186,0.5502225,-0.24240527
0.6954285,0.6271164,-0.2763881
0.70582986,0.6731168,-0.2445271
0.82203084,0.6297817,-0.14956073
0.80052584,0.563491,-0.22465709
0.782454,0.6087435,-0.25082263
0.7804676,0.64777344,-0.232446
0.75272816,0.83093286,-1.6183876E-4
0.6307797,0.80354345,-0.09209267
0.52651125,0.7475486,-0.18726645
0.52715385,0.6858369,-0.28838614
0.6063253,0.6443256,-0.37215126
0.5675243,0.6279626,-0.013870616
0.5336065,0.52136284,-0.07883475
0.5250492,0.46104234,-0.118753605
0.5266294,0.4073801,-0.13881657
0.6512836,0.62709624,-0.04427725
0.608608,0.5606487,-0.20216511
0.6142745,0.63945913,-0.25090545
0.63061744,0.6888126,-0.22034833
0.7301072,0.63163686,-0.09244903
0.6936816,0.5674429,-0.22706603
0.68514985,0.6421747,-0.26351857
0.69738764,0.68854237,-0.23376039
0.81761026,0.6452939,-0.15228038
0.7856421,0.5796517,-0.22401923
0.7593484,0.62417424,-0.24231131
0.7593715,0.6637317,-0.22313946
0.7529035,0.83349025,-1.8057917E-4
0.63233507,0.80637485,-0.092093565
0.5288005,0.7502183,-0.19004959
0.5294006,0.6886132,-0.29348823
0.60954577,0.645847,-0.377351
0.5705325,0.62850153,-0.017301857
0.5383617,0.5223283,-0.08264803
0.53101873,0.46294314,-0.123650216
0.5326236,0.41022104,-0.14653163
0.6547863,0.6279084,-0.048657395
0.6105093,0.5622144,-0.20912927
0.61562526,0.64065814,-0.25763342
0.6317259,0.6898668,-0.22682008
0.73437035,0.63309824,-0.097587556
0.695285,0.5689805,-0.23326175
0.68588936,0.64325094,-0.26922467
0.69740283,0.6896373,-0.2396174
0.8218588,0.64783216,-0.1582321
0.7867558,0.582906,-0.2285633
0.76006174,0.6270998,-0.24818097
0.7604541,0.66620463,-0.23177841
0.7836977,0.84320027,-1.262137E-4
0.65794957,0.8091531,-0.11518822
0.5590055,0.75086284,-0.21716638
0.5899117,0.686481,-0.31496996
0.68699235,0.65224093,-0.38593727
0.5810474,0.6269115,-0.021584041
0.5431172,0.5239669,-0.07694344
0.5228804,0.4685971,-0.10532815
0.5155711,0.42094362,-0.11403023
0.67745155,0.6230656,-0.035244003
0.6520323,0.55005527,-0.18237013
0.6587706,0.6277211,-0.23613155
0.6704243,0.67774236,-0.20409337
0.7665647,0.62811995,-0.06634305
0.7446664,0.55618346,-0.19361386
0.7391366,0.6281012,-0.23329109
0.747953,0.6754772,-0.20156574
0.8614498,0.6442454,-0.11145417
0.8494712,0.5749625,-0.17998025
0.8283202,0.6129892,-0.20220472
0.82531273,0.6511896,-0.1783447
0.7912687,0.8411723,-1.3414884E-4
0.66584986,0.80880904,-0.119814545
0.5687194,0.75185144,-0.22398333
0.59622264,0.6883886,-0.324397
0.68806577,0.65189815,-0.39815456
0.5866328,0.6264997,-0.025440827
0.54697657,0.5231685,-0.08189324
0.52636766,0.46815395,-0.11141813
0.5189706,0.42040402,-0.11972717
0.6834093,0.62280643,-0.03832536
0.65494186,0.5498014,-0.19137496
0.66227764,0.62855303,-0.24738577
0.67504555,0.6783126,-0.21464397
0.77336925,0.62742895,-0.06942828
0.7491433,0.5563947,-0.20092264
0.7445062,0.62975293,-0.23994894
0.7544555,0.67740816,-0.20725398
0.869851,0.6424967,-0.11481857
0.85681516,0.57338357,-0.18565154
0.83617747,0.6127255,-0.2082211
0.8340156,0.6513953,-0.18415685
0.7895026,0.8573129,-1.8284633E-4
0.6724117,0.8132501,-0.14754066
0.60450435,0.747808,-0.2515587
0.684077,0.68821996,-0.33902568
0.7896647,0.6694559,-0.39446685
0.6026226,0.6273855,-0.026593486
0.5651412,0.52723235,-0.09886855
0.5513357,0.47170496,-0.14730318
0.5479708,0.42079127,-0.17305382
0.7017867,0.621199,-0.014842928
0.6817965,0.5403372,-0.17158055
0.6907538,0.6176962,-0.24220051
0.698836,0.6680167,-0.205827
0.79214936,0.6276386,-0.024776867
0.7849509,0.54983723,-0.15632156
0.78297496,0.6204129,-0.19985574
0.78963464,0.6666145,-0.16008598
0.88253474,0.6469094,-0.049179558
0.89034015,0.5756935,-0.13174461
0.87391186,0.609408,-0.1628352
0.8674795,0.6471361,-0.12741259
0.78536344,0.85904413,-1.5579707E-4
0.66832876,0.81380385,-0.14961393
0.6060536,0.7457745,-0.24570322
0.69328755,0.6858006,-0.32355222
0.79989374,0.6679858,-0.36548033
0.6055373,0.6278749,-0.013118924
0.56729364,0.52805924,-0.08394248
0.5533043,0.47324878,-0.13274826
0.5508585,0.4231314,-0.15603192
0.7038133,0.62207544,0.0023742437
0.6847066,0.54105014,-0.15345182
0.69279873,0.61947685,-0.2228635
0.7004974,0.6689972,-0.18122858
0.7931297,0.6290308,-0.005668544
0.7873729,0.5507579,-0.14071953
0.78396523,0.622966,-0.18587899
0.79100233,0.6683774,-0.14247227
0.8821656,0.6487796,-0.029467277
0.888769,0.5776428,-0.11454159
0.87079394,0.61224645,-0.14693946
0.86510897,0.6492306,-0.109891236
0.7755098,0.8298081,-1.3072022E-4
0.65857875,0.7934339,-0.107929036
0.5875669,0.7279224,-0.17779566
0.6355174,0.658214,-0.24215533
0.72673583,0.6232274,-0.28478622
0.60762644,0.6294455,0.046472296
0.57391757,0.5368085,0.011264793
0.5603548,0.4769311,-0.025216326
0.5595021,0.42353117,-0.050730404
0.6974021,0.62008244,0.041496214
0.6701543,0.5270481,-0.057183735
0.6627003,0.580912,-0.1360869
0.6711754,0.6344645,-0.14229237
0.78030646,0.62416613,0.017211773
0.77248955,0.53761756,-0.08120647
0.7572092,0.58962417,-0.14511329
0.76275575,0.6435061,-0.13821216
0.86961997,0.639989,-0.019107731
0.87665224,0.5651369,-0.08410699
0.85246557,0.57982695,-0.11382333
0.84582233,0.6208862,-0.09736527
0.7740799,0.8291005,-1.5520428E-4
0.65553564,0.79230225,-0.10573501
0.5838459,0.72612685,-0.17267174
0.6337079,0.6570872,-0.23247911
0.7243463,0.6222659,-0.27084792
0.6071173,0.6295686,0.04892034
0.5744693,0.53785694,0.013909608
0.56051683,0.47782987,-0.023354564
0.5603286,0.42458397,-0.048674185
0.69656557,0.6206679,0.043499477
0.66707546,0.5268129,-0.056058317
0.6577243,0.5783931,-0.13833901
0.6661923,0.63039005,-0.14756098
0.779344,0.6252249,0.018972138
0.7704735,0.53768027,-0.07870681
0.75405717,0.58821565,-0.14319298
0.7596702,0.6411033,-0.13612029
0.86916214,0.64102805,-0.017371893
0.8760636,0.565837,-0.08313225
0.8509191,0.5792661,-0.1127439
0.8444334,0.6195375,-0.09681925
0.7679896,0.82724535,-1.6159964E-4
0.65058887,0.79011834,-0.10406833
0.58256936,0.7233937,-0.17108764
0.63648975,0.6554529,-0.23151943
0.72398263,0.62018836,-0.27296138
0.6079855,0.62797344,0.04583988
0.5770149,0.5370462,0.010922619
0.5629776,0.47662205,-0.030869208
0.5611731,0.424033,-0.061108705
0.6984979,0.61984646,0.03957155
0.6699144,0.5253451,-0.055102788
0.6576297,0.5740291,-0.14232282
0.66287917,0.6273083,-0.15892261
0.7820984,0.6247469,0.014577533
0.7754879,0.5375759,-0.07915641
0.75689495,0.58652717,-0.14929274
0.7591475,0.640558,-0.14802505
0.8721762,0.6409374,-0.020894948
0.8818817,0.56634015,-0.09186751
0.8561803,0.5799042,-0.12514994
0.8471109,0.62081003,-0.11394417
0.75844336,0.82819617,-2.3946373E-4
0.637329,0.79831123,-0.0962202
0.55692315,0.7312379,-0.1603507
0.56892544,0.6577904,-0.22641815
0.64156306,0.61255294,-0.27641734
0.6063045,0.6392421,0.048749264
0.5837976,0.5492357,0.020944972
0.56639886,0.49063626,-0.0034769021
0.5642014,0.43773925,-0.017926553
0.688013,0.63406026,0.039206304
0.6698947,0.5486117,-0.04955431
0.65296614,0.59803474,-0.11562815
0.6597176,0.64756674,-0.12072858
0.76394004,0.6390136,0.011125626
0.75503117,0.55894107,-0.08889629
0.7301084,0.6114276,-0.14855999
0.73195636,0.6653989,-0.14543472
0.84769297,0.65222895,-0.025046306
0.8455177,0.58099365,-0.094381064
0.8136517,0.5994224,-0.12166653
0.801971,0.64099395,-0.11017736
0.75964487,0.8263483,-2.4102413E-4
0.6385372,0.7954685,-0.09933146
0.5601252,0.7289783,-0.16669972
0.57384217,0.6558381,-0.23513028
0.64763874,0.6111676,-0.2873823
0.6095559,0.63671213,0.040981073
0.5866896,0.5466,0.009921329
0.5697939,0.48793218,-0.016313666
0.5682753,0.43495548,-0.031299494
0.69168454,0.631158,0.033054657
0.67044127,0.5466762,-0.059619434
0.6542243,0.59716845,-0.124229446
0.6631462,0.6466272,-0.12714057
0.7686495,0.6361478,0.006516931
0.7565812,0.55782664,-0.09368058
0.7325255,0.6107489,-0.15074079
0.73625237,0.66410196,-0.14403357
0.8541334,0.6495936,-0.029381229
0.84958327,0.5782571,-0.09832109
0.8168236,0.5977989,-0.123444416
0.8061723,0.6399814,-0.10886292
0.7573087,0.8253663,-2.4495934E-4
0.6357868,0.79303396,-0.09370871
0.5582728,0.72881854,-0.15977012
0.57515514,0.6577625,-0.22711793
0.64745057,0.6138392,-0.27780792
0.6065854,0.6341819,0.037189573
0.5830093,0.54579127,0.003044256
0.567442,0.48768905,-0.027433675
0.56742024,0.43541425,-0.048095666
0.68773437,0.62864804,0.028197298
0.6639339,0.54383737,-0.066494696
0.6489436,0.59586155,-0.13266794
0.6587438,0.6464648,-0.13620457
0.7645233,0.63422984,0.0011844308
0.7506007,0.5559159,-0.0958193
0.72616905,0.6097307,-0.14962646
0.7303429,0.6625729,-0.1425628
0.85028636,0.6488626,-0.034462098
0.8440368,0.5792588,-0.10044895
0.81092817,0.5994886,-0.12696654
0.8008961,0.640957,-0.11358016
0.77349645,0.83696663,-2.0959663E-4
0.65492755,0.805484,-0.08720113
0.54862434,0.7458482,-0.16778816
0.57528925,0.6814583,-0.24938323
0.67567515,0.66284984,-0.3024804
0.58258736,0.6382695,-0.00551639
0.5435678,0.5424592,-0.075171456
0.5231789,0.49144623,-0.102025
0.51439863,0.44512278,-0.106031634
0.6756106,0.6404731,-0.028533334
0.64239705,0.5937458,-0.18310255
0.65310323,0.66612774,-0.22535735
0.6695202,0.69919145,-0.19199847
0.75833654,0.64778054,-0.0701355
0.7320006,0.60707784,-0.20191847
0.73329043,0.6755126,-0.20993036
0.7480448,0.70687497,-0.1653588
0.8470749,0.6636512,-0.12723942
0.8295338,0.6160594,-0.19044814
0.81379676,0.6621347,-0.20028807
0.81668675,0.6910468,-0.17636096
0.7696496,0.83690894,-1.9881102E-4
0.6502061,0.8033956,-0.08877249
0.54886436,0.7430179,-0.16632393
0.5770165,0.67994195,-0.24499843
0.67374647,0.6644373,-0.30060932
0.58008224,0.6371477,-0.0076136277
0.53939116,0.54050183,-0.07150093
0.51719886,0.48906177,-0.09537351
0.5073372,0.4438328,-0.09874146
0.6734129,0.6395399,-0.027746309
0.64335287,0.5908195,-0.17587288
0.653217,0.66152287,-0.2230625
0.66896415,0.6984212,-0.19463784
0.7566992,0.6465704,-0.0652955
0.73434764,0.6055073,-0.1939034
0.7357621,0.67216784,-0.20816423
0.74950093,0.70577365,-0.1654813
0.84579176,0.66166764,-0.117501184
0.83073604,0.6104795,-0.18309087
0.81605744,0.65417725,-0.19457094
0.81798565,0.6843973,-0.17064506
0.7833987,0.8420024,-2.4306202E-4
0.67306197,0.79175866,-0.11071384
0.60998476,0.7227296,-0.19139019
0.65532446,0.6563468,-0.2708913
0.743355,0.63004756,-0.3381172
0.62468994,0.6174981,0.017882753
0.5885891,0.5245194,-0.034926802
0.5789968,0.47505403,-0.06939603
0.5775341,0.4326498,-0.08153221
0.71771485,0.61923444,0.017635828
0.7141366,0.564603,-0.107913196
0.714943,0.63785774,-0.17561525
0.7133359,0.6853943,-0.15956791
0.8019782,0.6301435,-0.0020122782
0.80487436,0.5807177,-0.12189543
0.7930706,0.6480347,-0.16167822
0.7890615,0.69029415,-0.12968008
0.88615394,0.6521181,-0.035153154
0.89755595,0.5932949,-0.11021988
0.87565374,0.6313058,-0.13584918
0.8634536,0.6676499,-0.11496017
0.78638446,0.8439625,-2.5582683E-4
0.6743791,0.79084086,-0.10380306
0.61043286,0.7215301,-0.1861074
0.6561746,0.654604,-0.2673083
0.74545616,0.62899506,-0.33491534
0.6282147,0.61884665,0.011356982
0.59428525,0.5270689,-0.043146774
0.58434045,0.4781099,-0.07698094
0.5823571,0.43538958,-0.08878634
0.72178453,0.62063986,0.005930848
0.7167832,0.5626408,-0.11874006
0.71560836,0.63629293,-0.18199608
0.71492106,0.6843434,-0.16401674
0.80668676,0.6319428,-0.01812036
0.8070173,0.5784685,-0.13710967
0.79312974,0.6468477,-0.17544456
0.79120994,0.68985295,-0.1429723
0.89214927,0.65474534,-0.055232067
0.9007547,0.5940804,-0.12727478
0.87654847,0.63305116,-0.14974885
0.86506736,0.6700695,-0.12855785
0.7793815,0.83855104,-2.243429E-4
0.6682897,0.7863319,-0.102671996
0.6019047,0.7188772,-0.17818737
0.6477554,0.6528151,-0.2519749
0.7406231,0.6306279,-0.30948743
0.62119657,0.6176818,0.0059964973
0.5848132,0.52382743,-0.05882494
0.57360065,0.4724231,-0.105672926
0.57220364,0.42809442,-0.12578383
0.7150167,0.61875105,0.0026500716
0.71201515,0.5599292,-0.12836201
0.7123428,0.6316593,-0.19943522
0.7117933,0.6820593,-0.18597625
0.79957175,0.62931836,-0.018674953
0.80464596,0.57454133,-0.13811953
0.7952299,0.6398316,-0.1797181
0.792228,0.68439853,-0.14750084
0.8848581,0.6512176,-0.051651858
0.89893603,0.59023523,-0.12634599
0.87850624,0.6261214,-0.1526014
0.8666685,0.66375995,-0.12988281
0.75508344,0.8574239,-2.2090094E-4
0.62889194,0.81445456,-0.05368121
0.53294736,0.75052536,-0.12374712
0.5648103,0.7002408,-0.20665458
0.66320086,0.7112532,-0.27106225
0.5944899,0.653731,0.020710984
0.5723642,0.5584083,-0.033481564
0.5520114,0.5047926,-0.057188954
0.5488205,0.45684445,-0.06428422
0.6715708,0.65625143,-0.015164892
0.6455773,0.58475405,-0.14299843
0.6277377,0.64969975,-0.18644352
0.6398185,0.69470656,-0.15662919
0.7453243,0.6652311,-0.06296428
0.7302506,0.59218585,-0.16570005
0.6999092,0.6516354,-0.18595742
0.70298016,0.69573194,-0.15107253
0.8274892,0.68506944,-0.12294491
0.822813,0.6182529,-0.1833911
0.78225154,0.64740735,-0.2082854
0.766744,0.68444765,-0.19374669
0.7555928,0.85633385,-2.2932506E-4
0.62961006,0.8125918,-0.048503637
0.5333928,0.7495017,-0.11482222
0.5660636,0.6997445,-0.19528838
0.6666392,0.70946485,-0.25605348
0.59640163,0.652931,0.03538
0.5737132,0.5569161,-0.014900077
0.55303544,0.50316083,-0.035623286
0.5504001,0.45481002,-0.041188896
0.67192364,0.65596056,-0.0025231235
0.6430147,0.58155674,-0.13014846
0.62340677,0.64733136,-0.17346644
0.63497573,0.6934126,-0.14258225
0.74409235,0.6653965,-0.0526042
0.7286878,0.5896631,-0.15455092
0.69755274,0.6502679,-0.17189899
0.7004286,0.6953321,-0.1347591
0.82481456,0.6856733,-0.114350006
0.8211575,0.6179429,-0.17280564
0.7795427,0.6470753,-0.19391914
0.76308143,0.684342,-0.17714998
0.7146855,0.8553809,-1.972835E-4
0.6147994,0.8242844,-0.16122866
0.5695456,0.76392466,-0.25523564
0.6341277,0.7045203,-0.3272804
0.71327525,0.671112,-0.38074964
0.55974054,0.65081835,-0.049347866
0.53154165,0.5600247,-0.08562485
0.52658564,0.5047549,-0.12197284
0.5285493,0.45796496,-0.15634818
0.6507565,0.6442399,-0.019730698
0.6470604,0.56305903,-0.12382513
0.65698385,0.6191577,-0.20237395
0.6566645,0.6693027,-0.20159008
0.7315304,0.65003437,-0.005939757
0.73891574,0.5720501,-0.0951866
0.7389498,0.62263715,-0.15282504
0.7371797,0.67115474,-0.14316611
0.81024516,0.667675,-0.009011689
0.827749,0.6026747,-0.081049494
0.8173484,0.6187933,-0.12180708
0.80516076,0.65266114,-0.113239735
0.7089086,0.8535846,-2.0840023E-4
0.6033209,0.81529605,-0.08569826
0.5406432,0.7484435,-0.14495179
0.5811027,0.6826618,-0.20416565
0.6634392,0.6490234,-0.24504857
0.5773123,0.655351,0.04547639
0.5580734,0.56833076,0.019743329
0.5481017,0.51072884,-0.01431112
0.54896414,0.4618921,-0.04691674
0.6562213,0.64939106,0.033902623
0.6371526,0.55506915,-0.043733798
0.61381185,0.59564424,-0.12266462
0.61536723,0.645872,-0.14205137
0.7284201,0.65569985,0.0049052406
0.7250446,0.56783867,-0.06414625
0.70051676,0.60589206,-0.1268
0.70326483,0.65477836,-0.13342747
0.8071377,0.67285615,-0.032707818
0.8190814,0.5987368,-0.08680336
0.79268503,0.6023958,-0.11993197
0.7836454,0.63755226,-0.11713259
0.7140746,0.85278904,-2.1125813E-4
0.6060655,0.8143889,-0.08496461
0.54121083,0.7471116,-0.14292146
0.5792657,0.67948526,-0.20072971
0.6600497,0.6444256,-0.23873988
0.57733124,0.65392685,0.044431433
0.5585683,0.56670904,0.01913096
0.5482152,0.509164,-0.014564771
0.5482352,0.45983723,-0.044663694
0.65702593,0.64751667,0.033895273
0.6388017,0.5536587,-0.044978663
0.616463,0.59378374,-0.124515265
0.6189586,0.64256585,-0.14378631
0.7300421,0.6535613,0.0067037637
0.72505367,0.5675367,-0.06233774
0.7001439,0.6062059,-0.12398481
0.70337355,0.6541946,-0.1291754
0.8101243,0.67065394,-0.029741192
0.81961703,0.59833866,-0.08203891
0.7921008,0.60324055,-0.1155366
0.78238857,0.63817066,-0.112428315
0.71585727,0.85552096,-2.0071906E-4
0.60583514,0.8136407,-0.08315649
0.5416717,0.7459873,-0.13667375
0.5856215,0.67957485,-0.18771116
0.6686956,0.6471813,-0.21737066
0.57816195,0.6546793,0.050230436
0.5564382,0.5684145,0.029128162
0.5462335,0.5121962,-0.0011120308
0.5466283,0.46316788,-0.031243287
0.65770143,0.6481094,0.041359812
0.6385931,0.5562143,-0.034716196
0.6183139,0.5968279,-0.1158829
0.6220618,0.6457992,-0.13736115
0.7311875,0.654183,0.016269727
0.7268713,0.5684679,-0.05076032
0.7016512,0.60711324,-0.11515845
0.70437217,0.6559913,-0.121347
0.8117214,0.6720326,-0.017326692
0.821838,0.60092235,-0.070330866
0.7935741,0.6058481,-0.10843471
0.7822814,0.6409696,-0.10830976
0.732866,0.87122405,-2.270015E-4
0.62022877,0.8281895,-0.10640286
0.5445822,0.7714611,-0.2038455
0.6081363,0.7272371,-0.29466757
0.7124736,0.72542155,-0.35925192
0.5756631,0.6688596,-0.060670733
0.5388137,0.56745994,-0.13842314
0.5217022,0.5114354,-0.17852575
0.5182774,0.46221858,-0.19951588
0.66483784,0.6691807,-0.06942691
0.6507521,0.6017742,-0.23059574
0.6529018,0.6756498,-0.27838665
0.6562039,0.7235657,-0.2382066
0.7463567,0.6756585,-0.09563233
0.73997456,0.61103827,-0.23131955
0.7327061,0.6776236,-0.25533953
0.7326358,0.7200674,-0.21133156
0.8263893,0.6930796,-0.13504687
0.83860856,0.6293105,-0.21807295
0.82007,0.6614688,-0.24875754
0.80565995,0.69382197,-0.22729795
0.71789986,0.8613924,-1.2431022E-4
0.60732836,0.81436414,-0.09786919
0.52823013,0.75008315,-0.18806228
0.61696035,0.7109524,-0.27640325
0.7333795,0.72820616,-0.32836124
0.56977034,0.6559996,-0.03950156
0.5379713,0.55414337,-0.13169138
0.51938474,0.500319,-0.16799353
0.51787144,0.4515298,-0.17859755
0.6590358,0.65745676,-0.055930674
0.64196175,0.5909791,-0.23276146
0.63957345,0.6663088,-0.28247306
0.6443897,0.7119749,-0.23483425
0.74098617,0.6653635,-0.09031438
0.738021,0.5976817,-0.23638123
0.724991,0.66546625,-0.25716949
0.7228895,0.70832014,-0.2046347
0.8228375,0.68558204,-0.13778073
0.83868253,0.61961687,-0.22992124
0.81351244,0.65273577,-0.25981
0.79384565,0.6881103,-0.22970867
0.7217614,0.8801024,-3.091779E-4
0.5886267,0.8443774,-0.10062361
0.4927529,0.7827042,-0.18866232
0.4918322,0.7153523,-0.2818652
0.5769291,0.6877172,-0.35345888
0.55788535,0.67026013,0.028983233
0.5339597,0.56719995,-0.028296003
0.5245001,0.51099235,-0.061972875
0.5260178,0.4593086,-0.07500675
0.6432381,0.67009,0.007143172
0.617913,0.5928542,-0.14630942
0.6173016,0.67013377,-0.196627
0.6361088,0.71987015,-0.15528417
0.7249156,0.67598695,-0.036475156
0.7078579,0.59926337,-0.16567239
0.69704276,0.6701768,-0.19745453
0.7098235,0.7174888,-0.15614745
0.8160492,0.69232804,-0.09094231
0.8051356,0.62289506,-0.16350137
0.7818624,0.6599311,-0.18220066
0.7825922,0.6981824,-0.15587834
0.7900015,0.88388383,-1.5706469E-4
0.66966254,0.8356475,-0.124364324
0.5969117,0.7679202,-0.21938385
0.6766552,0.709163,-0.3025242
0.79309887,0.7037007,-0.34073967
0.579286,0.6601086,-0.03898453
0.5178685,0.555456,-0.13479386
0.48811775,0.5030171,-0.18001871
0.47017252,0.4518662,-0.19770142
0.6756656,0.65641886,-0.042046852
0.6305333,0.58532107,-0.22379908
0.6505667,0.66800064,-0.2735869
0.6685253,0.7075486,-0.2192515
0.76791334,0.66125685,-0.070131354
0.7411053,0.5923027,-0.2213732
0.74568564,0.6694503,-0.24282244
0.7576022,0.7063689,-0.18577462
0.8621041,0.6793104,-0.11410741
0.8543213,0.6153061,-0.20143922
0.8354425,0.66050094,-0.23468241
0.8278304,0.6915625,-0.2045544
0.7858108,0.88576096,-1.5668705E-4
0.66482776,0.83494335,-0.12234847
0.59524393,0.76525193,-0.21157412
0.6784226,0.70878196,-0.2886069
0.79610103,0.70551765,-0.3212199
0.5802081,0.6590521,-0.029657615
0.5177085,0.55695415,-0.11938329
0.4875629,0.5036812,-0.16097312
0.46984473,0.45293888,-0.17713393
0.67797184,0.6573315,-0.030266447
0.6362625,0.585871,-0.20481238
0.6564063,0.669041,-0.2534893
0.6709803,0.7097355,-0.20104529
0.77009594,0.6634411,-0.056093685
0.7440771,0.5943872,-0.20377788
0.7468336,0.6718835,-0.22833031
0.7558818,0.7084789,-0.17515478
0.862461,0.6823801,-0.096894495
0.8522253,0.6197111,-0.18075661
0.83312595,0.665564,-0.21402608
0.82546663,0.6966227,-0.18621482
0.7217582,0.68610716,-1.2550908E-4
0.6374524,0.6678077,-0.08222478
0.56778485,0.6295408,-0.18212304
0.55137783,0.5956678,-0.28229
0.6105073,0.5723127,-0.36337084
0.64145696,0.5354898,-0.07016589
0.63832647,0.44861537,-0.10518877
0.6357638,0.39873224,-0.12966897
0.6413049,0.35641384,-0.15554838
0.69870317,0.53914726,-0.0983724
0.6677449,0.47248033,-0.22301313
0.6339931,0.5147826,-0.289454
0.62581086,0.5528345,-0.307682
0.7565584,0.54936224,-0.13243529
0.7405309,0.48264697,-0.23259209
0.6999715,0.5189841,-0.2879553
0.6826631,0.5555516,-0.2977847
0.82116807,0.5660638,-0.1762136
0.8195605,0.5091314,-0.25096107
0.7808927,0.5058688,-0.29261747
0.7508141,0.5177725,-0.30921733
0.7357341,0.67501175,-1.9048639E-4
0.65092933,0.65378636,-0.073220216
0.5785603,0.6123177,-0.162645
0.5588516,0.5780442,-0.25115737
0.6093312,0.5516748,-0.32982415
0.64436346,0.52184093,-0.066064656
0.6375625,0.43944842,-0.09478863
0.6342088,0.392,-0.11965535
0.63637227,0.3511434,-0.15205236
0.7024257,0.5264472,-0.09824408
0.6596863,0.46812618,-0.20726192
0.62114376,0.50464755,-0.28629827
0.6099601,0.5388945,-0.32516316
0.7618511,0.5377256,-0.1363664
0.7384218,0.47775063,-0.22139855
0.6923297,0.5057648,-0.28703874
0.6684803,0.53843594,-0.31719828
0.82865244,0.55572486,-0.18372639
0.81924206,0.5064151,-0.24999991
0.7714455,0.5053516,-0.29477173
0.731279,0.5182788,-0.32206297
0.7354456,0.67621213,-1.918608E-4
0.6509657,0.65491927,-0.07545763
0.5783426,0.6140046,-0.16645083
0.556759,0.5804693,-0.25641328
0.6053882,0.5544984,-0.33698383
0.6427701,0.52305704,-0.070113
0.63653785,0.44085744,-0.10048316
0.6318753,0.39378572,-0.12691651
0.63264847,0.35338742,-0.1603757
0.70095897,0.5277113,-0.10190664
0.66009605,0.46801525,-0.21173185
0.6214755,0.5038998,-0.29249188
0.610323,0.5380961,-0.3327706
0.7601929,0.5391855,-0.13930832
0.73800355,0.47886842,-0.22485392
0.6916438,0.50589454,-0.2934009
0.66748834,0.53851724,-0.32609352
0.8270635,0.557066,-0.18573317
0.8187228,0.5077941,-0.2535821
0.770962,0.5061211,-0.30082467
0.73023915,0.51914465,-0.3301919
0.73771656,0.6669538,-1.2512068E-4
0.6542613,0.65916914,-0.09107631
0.58324593,0.6288781,-0.19500099
0.565336,0.6151246,-0.29908082
0.60615844,0.6084087,-0.3941651
0.6446337,0.5229962,-0.12870567
0.6261246,0.44195393,-0.20742726
0.61903656,0.3932113,-0.2676991
0.6201633,0.3495019,-0.32315412
0.7144325,0.52675265,-0.15505461
0.6604991,0.492243,-0.31300005
0.6222112,0.5467016,-0.37089345
0.6142078,0.58938646,-0.37478292
0.77953506,0.5410942,-0.19500941
0.73894143,0.51104856,-0.32766345
0.6953758,0.55650705,-0.36591408
0.6775222,0.59249216,-0.36504906
0.8396416,0.56319064,-0.24057578
0.8161539,0.5401082,-0.3372051
0.76904553,0.56623816,-0.37109038
0.73949003,0.58723617,-0.3827594
0.73717076,0.66638476,-1.3407413E-4
0.6525777,0.6584638,-0.090561055
0.58026373,0.6273124,-0.19479476
0.5669045,0.6129941,-0.2986819
0.6123181,0.6044965,-0.3919576
0.6447872,0.5215011,-0.12427727
0.6279479,0.44204974,-0.19864759
0.6225852,0.39335418,-0.2560063
0.6245888,0.34906974,-0.31034064
0.71542585,0.52526313,-0.1521426
0.6611375,0.49058798,-0.30692577
0.62227637,0.5451766,-0.36659196
0.6139766,0.5882233,-0.37354693
0.78070724,0.5398515,-0.19237481
0.738829,0.5104192,-0.32377115
0.6948273,0.5566544,-0.36378458
0.676962,0.5926388,-0.36397544
0.84119856,0.562033,-0.23846777
0.81442124,0.5386847,-0.3346549
0.7669782,0.5651282,-0.3663589
0.7385624,0.5862327,-0.37536383
0.7346559,0.66546744,-1.2081251E-4
0.6530654,0.6582054,-0.091690876
0.582231,0.62685204,-0.19521664
0.5672887,0.61194825,-0.29859665
0.61146295,0.6028495,-0.3923071
0.64559954,0.5208641,-0.12800503
0.62545735,0.4410903,-0.20511593
0.6188035,0.39204198,-0.26435634
0.61990595,0.34741485,-0.32026848
0.71585774,0.5243493,-0.1536196
0.66000485,0.49181527,-0.3104803
0.62376684,0.54730237,-0.36521295
0.6166924,0.5896401,-0.3657183
0.7816256,0.5388051,-0.19296199
0.73927766,0.50957924,-0.3245044
0.69686383,0.55577385,-0.36222723
0.6794141,0.59101534,-0.3612466
0.8427083,0.56098634,-0.2380152
0.816121,0.5387708,-0.3333718
0.7683484,0.5649205,-0.3666718
0.7389679,0.58522785,-0.37678736
0.75388384,0.6897279,-2.3413084E-4
0.6668037,0.66563773,-0.036770828
0.5952428,0.61243117,-0.082947396
0.57701755,0.5622751,-0.14250095
0.61837965,0.52390206,-0.20049357
0.6679875,0.5349512,0.038776115
0.6752569,0.46445975,0.04064831
0.67741483,0.417792,0.03488567
0.68085414,0.37990123,0.019013572
0.7220142,0.53539,9.3821157E-4
0.7063146,0.4706233,-0.048970185
0.66455495,0.48042083,-0.11439206
0.64109856,0.50472397,-0.15110809
0.77702713,0.54483724,-0.0424412
0.77005017,0.48307806,-0.09520327
0.7206377,0.48485363,-0.17199433
0.6816361,0.5071245,-0.22132662
0.8413424,0.5618905,-0.092604294
0.8314725,0.5109367,-0.1373697
0.78609675,0.4930123,-0.17619322
0.7360988,0.49621698,-0.2050297
0.7536052,0.688381,-2.6352104E-4
0.6694722,0.66852474,-0.053165637
0.59827316,0.61718875,-0.10162555
0.57525164,0.570814,-0.16040413
0.6093004,0.5340654,-0.22065689
0.6756315,0.53454834,0.016429266
0.6840706,0.46862966,-6.06726E-4
0.6814227,0.42814326,-0.022316601
0.6826697,0.3976848,-0.047588058
0.72770387,0.5351918,-0.010043583
0.71402556,0.4699116,-0.06778069
0.6653423,0.47668463,-0.13942973
0.6353214,0.49964118,-0.17715853
0.7826796,0.54487014,-0.04532525
0.7750335,0.4826599,-0.105088994
0.72461694,0.48605692,-0.1832694
0.685515,0.50989705,-0.23144987
0.84773314,0.5622453,-0.087276116
0.8343417,0.51254857,-0.13741857
0.78841454,0.49740064,-0.18253872
0.7391304,0.5023154,-0.21546263
0.7530294,0.6878983,-2.5416623E-4
0.6694831,0.66682106,-0.052144073
0.5980201,0.61530226,-0.1015278
0.57595426,0.56971633,-0.15939973
0.61013794,0.5308552,-0.2147174
0.67615646,0.53488547,0.021894233
0.68242985,0.4668448,0.010100436
0.68024004,0.41951343,-0.009828482
0.6798858,0.38113105,-0.04024202
0.7289007,0.5360468,-0.0098134335
0.712084,0.46996292,-0.07473638
0.6610677,0.48013043,-0.14751044
0.62953186,0.5046523,-0.18557669
0.7841353,0.5462613,-0.049145326
0.7760307,0.4818792,-0.11290637
0.7227795,0.48621598,-0.19099306
0.68191123,0.5101917,-0.23849402
0.8483778,0.56410486,-0.0955185
0.83712745,0.5125483,-0.14895561
0.78921473,0.49761528,-0.19173898
0.73849475,0.5037872,-0.22382703
0.7423084,0.6523505,-1.2947444E-4
0.6735842,0.63427246,-0.060349192
0.6178137,0.5976256,-0.13526051
0.6175935,0.5685644,-0.21310541
0.6690669,0.55500466,-0.2780627
0.6764444,0.523283,-0.052166373
0.66470003,0.45490864,-0.10015745
0.6639951,0.4145407,-0.12715071
0.66931677,0.3775116,-0.15050584
0.73125726,0.52719486,-0.07659063
0.70148784,0.49205422,-0.18949644
0.68003106,0.54042095,-0.21111396
0.6785904,0.5745066,-0.1939644
0.78248715,0.53693545,-0.113422155
0.7564013,0.5024858,-0.21341377
0.728805,0.54656047,-0.2325768
0.7227994,0.5784316,-0.2188244
0.83517903,0.5537759,-0.15616865
0.81763667,0.5158374,-0.21527502
0.7824603,0.5380263,-0.23637038
0.7646364,0.56147265,-0.24032108
0.7337722,0.66108227,-1.1624701E-4
0.6628696,0.64291894,-0.060158283
0.6079929,0.6065253,-0.13754487
0.6049391,0.57805413,-0.22008125
0.65312755,0.5615694,-0.29069307
0.6690372,0.5288301,-0.051938336
0.66705865,0.45791414,-0.098777935
0.67245686,0.41628653,-0.12829076
0.6833126,0.37658834,-0.15424637
0.7238832,0.53403944,-0.07743491
0.6927811,0.49588245,-0.19546786
0.6652466,0.5463543,-0.22005424
0.6621331,0.58186036,-0.2008536
0.7751919,0.54469377,-0.11535798
0.74977237,0.5074271,-0.21721987
0.7178407,0.5534018,-0.23875439
0.7104161,0.585785,-0.22540511
0.8286932,0.56185144,-0.15857309
0.81210077,0.5227996,-0.21905735
0.7753598,0.545454,-0.23856726
0.7592656,0.5677445,-0.24018964
0.7349452,0.66066265,-1.3196564E-4
0.6654461,0.6429516,-0.059609402
0.6106284,0.60734916,-0.1376807
0.60539085,0.5795937,-0.22154365
0.6518554,0.5640151,-0.29365975
0.6722818,0.5292602,-0.051385075
0.6710644,0.45827723,-0.09813993
0.67509973,0.41714826,-0.12697221
0.6837463,0.37822118,-0.15171129
0.72706383,0.53502786,-0.077288955
0.693326,0.4973946,-0.19601795
0.66630816,0.5479281,-0.21787052
0.6641453,0.5831559,-0.1956326
0.7777804,0.54602534,-0.116060995
0.75031143,0.5097831,-0.21939075
0.7197416,0.55530113,-0.23845623
0.71386206,0.58707434,-0.22285585
0.8307767,0.5632398,-0.15946332
0.8138202,0.52417505,-0.2217603
0.777318,0.546305,-0.24125487
0.76112586,0.56856203,-0.24253315
0.72972167,0.69513774,-2.006523E-4
0.6498496,0.6633825,-0.05403634
0.5989534,0.6121986,-0.11241745
0.5958393,0.5657854,-0.17511006
0.64543736,0.5371158,-0.2258767
0.6678855,0.54329723,2.3726814E-5
0.66443497,0.46950987,-0.01804815
0.65421253,0.42297247,-0.031572193
0.6532668,0.38549358,-0.048524443
0.72124475,0.5471183,-0.024905043
0.6964808,0.4866465,-0.099837676
0.66753566,0.52276325,-0.15738046
0.6677538,0.5562969,-0.17754129
0.7740597,0.5565578,-0.0589606
0.75939655,0.49652168,-0.12519932
0.7200368,0.52993536,-0.174036
0.7074761,0.5657865,-0.18852769
0.8337648,0.5717994,-0.09877362
0.83053,0.5168875,-0.14737743
0.79143935,0.5155635,-0.18056773
0.76275706,0.5338549,-0.19358738
0.7271432,0.7033872,-9.484762E-5
0.6514777,0.682734,-0.07929854
0.5930444,0.64387184,-0.17907715
0.5830908,0.6139827,-0.28147718
0.636202,0.59752303,-0.37067834
0.65070593,0.5514348,-0.07275708
0.63028175,0.47976878,-0.12760507
0.6197906,0.43439144,-0.16362904
0.6161882,0.39243555,-0.19820096
0.7104273,0.55572546,-0.10084833
0.68056124,0.5039047,-0.23248869
0.65049607,0.5555765,-0.2747424
0.6465586,0.5977145,-0.2648822
0.7681581,0.5691841,-0.14251843
0.74690473,0.52123785,-0.24838638
0.7083587,0.5682172,-0.27628016
0.6968935,0.60582143,-0.26519546
0.82711166,0.591724,-0.19227241
0.8098036,0.54830104,-0.25992113
0.7652825,0.56897986,-0.28857476
0.7403519,0.59522355,-0.29574025
0.72390765,0.7016109,-7.654831E-5
0.65069574,0.68263936,-0.082938224
0.5926759,0.6442367,-0.18548322
0.5819415,0.61492115,-0.29040036
0.6355711,0.59910464,-0.38204184
0.65054816,0.55118066,-0.08051015
0.63049585,0.47822046,-0.13881248
0.620489,0.4327296,-0.17606139
0.61735624,0.3909449,-0.2108762
0.7107503,0.5555314,-0.10687527
0.68186134,0.503143,-0.24334462
0.651323,0.55498874,-0.28386176
0.64701,0.5972466,-0.27114087
0.7691495,0.5690107,-0.1474151
0.7488777,0.52085197,-0.25691226
0.709397,0.5674433,-0.28415617
0.6968966,0.6047256,-0.271592
0.8281609,0.59158194,-0.19588442
0.811465,0.54789084,-0.26594368
0.76617736,0.56817055,-0.29594
0.7404823,0.59435976,-0.3034955
0.7379642,0.7012892,-1.1972522E-4
0.6643512,0.6796757,-0.08548363
0.60967994,0.641055,-0.18593496
0.60240984,0.61168534,-0.28695026
0.6539167,0.5963294,-0.3739496
0.6711369,0.5508049,-0.086910635
0.65713286,0.4759624,-0.14245698
0.6518381,0.43032157,-0.17727467
0.65397245,0.38871884,-0.20916487
0.7317586,0.55702764,-0.11125491
0.7092341,0.50294375,-0.24878505
0.67631966,0.5527737,-0.29316375
0.6665008,0.5948821,-0.28304258
0.7896408,0.5716069,-0.14817151
0.77493876,0.52172905,-0.2567727
0.73419833,0.566041,-0.2893073
0.71716356,0.60339147,-0.28040045
0.8470275,0.59505427,-0.19347446
0.83754736,0.54940444,-0.26480943
0.79275036,0.56738883,-0.29854113
0.7629416,0.59280056,-0.30911446
0.7425707,0.7020285,-7.93799E-5
0.667704,0.681549,-0.08892781
0.611438,0.64545375,-0.19427481
0.60364646,0.61836433,-0.30072388
0.6552506,0.6029493,-0.39642736
0.67110085,0.5510294,-0.0924111
0.6574782,0.47637582,-0.14934379
0.6527689,0.4308328,-0.18556969
0.6557003,0.3887155,-0.21908478
0.7347011,0.55738574,-0.11585689
0.71163476,0.50593925,-0.25049573
0.67791003,0.55811346,-0.29098958
0.6685398,0.6008134,-0.2782036
0.79403853,0.5727342,-0.15224333
0.7775867,0.526898,-0.26052245
0.73656815,0.5730388,-0.28817493
0.7208545,0.6097617,-0.2759154
0.8508791,0.5966239,-0.19755645
0.83833635,0.55342555,-0.26870897
0.7932588,0.5744587,-0.29743987
0.76633674,0.599897,-0.3016905
0.7428114,0.7021532,-1.04728075E-4
0.6689062,0.6814218,-0.085293606
0.61211956,0.643315,-0.19115566
0.60620135,0.6161973,-0.29900482
0.6587949,0.6022963,-0.39505732
0.67522573,0.54997694,-0.085901506
0.65935975,0.4765027,-0.14421712
0.65253866,0.43165368,-0.17971975
0.6536224,0.3899988,-0.21262188
0.7381194,0.55619884,-0.11318433
0.7124977,0.50384897,-0.25148395
0.6775331,0.55685246,-0.28896275
0.66910344,0.5997057,-0.27193913
0.7970481,0.5719821,-0.15393014
0.77722764,0.5252807,-0.26595455
0.73434734,0.57192487,-0.29122093
0.7201372,0.6088571,-0.27557328
0.8534802,0.5964753,-0.20355584
0.8379914,0.5535533,-0.27650943
0.7909026,0.5746271,-0.30421898
0.76395833,0.60007656,-0.30843756
0.7356949,0.6968181,-1.3895996E-4
0.6625129,0.6766849,-0.080658205
0.61005986,0.63986784,-0.1883109
0.59987825,0.6141747,-0.29726723
0.6437144,0.60034287,-0.39546654
0.6866059,0.54964864,-0.09542746
0.7144635,0.47172707,-0.1515502
0.7411276,0.42921495,-0.18951355
0.7734901,0.3909859,-0.22246696
0.7465912,0.56016713,-0.12061312
0.7263997,0.5143521,-0.2554763
0.67870134,0.56436497,-0.29243174
0.6589857,0.60091645,-0.27595934
0.79995877,0.57660395,-0.15411967
0.7812643,0.53487635,-0.2691289
0.7328115,0.5786638,-0.29959026
0.7112036,0.61068237,-0.28953275
0.8502494,0.59884614,-0.19370686
0.8349413,0.56124693,-0.2644084
0.78973734,0.5842478,-0.28471833
0.765722,0.60577214,-0.28423554
0.73636466,0.697204,-1.3465426E-4
0.66491085,0.6774994,-0.078401774
0.61270547,0.64044785,-0.18643184
0.6032321,0.6153279,-0.29550734
0.64714426,0.60234827,-0.3927443
0.6880454,0.5504045,-0.09790706
0.71401936,0.4721772,-0.1548295
0.7397283,0.4292101,-0.1934525
0.77116823,0.39056677,-0.22754477
0.74861544,0.5606176,-0.1242599
0.7286699,0.51370245,-0.2566749
0.681452,0.5638256,-0.28929457
0.6628532,0.6003587,-0.27036127
0.8023941,0.5768428,-0.15825044
0.7842165,0.5332058,-0.27023664
0.734849,0.57680315,-0.297682
0.7139705,0.6091026,-0.28633532
0.85240453,0.5991455,-0.19931363
0.83598846,0.5609158,-0.26722115
0.7897007,0.5842437,-0.28667173
0.76592046,0.6063448,-0.28660566
0.77941567,0.6850579,-4.452113E-5
0.69375044,0.67579454,-0.096467994
0.61957854,0.64920247,-0.21233727
0.6166826,0.63525254,-0.32611647
0.67295307,0.6252104,-0.42507017
0.64451915,0.54267436,-0.1247847
0.6017962,0.46740973,-0.20605217
0.57987714,0.42348096,-0.26216885
0.5644907,0.38175836,-0.31281582
0.7189248,0.54180086,-0.14848886
0.68191624,0.50073826,-0.29881102
0.663107,0.5613351,-0.344859
0.66267675,0.6064382,-0.338697
0.7899088,0.55211335,-0.18466699
0.7598894,0.51874906,-0.3150546
0.72753817,0.57397795,-0.34522185
0.71536523,0.6140505,-0.33367246
0.854039,0.57064044,-0.23088416
0.82970244,0.54540443,-0.32192773
0.79120934,0.5776547,-0.3535768
0.76757,0.60504705,-0.35815382
0.7823272,0.68501747,-7.669559E-5
0.69390076,0.6752197,-0.0931282
0.6219173,0.6516302,-0.20689647
0.6176319,0.63780737,-0.31879574
0.6716293,0.6266431,-0.41636837
0.64189243,0.5450062,-0.12507188
0.59906584,0.46898815,-0.20489776
0.5763306,0.4250353,-0.259558
0.56009775,0.38403237,-0.30756435
0.7161543,0.54376304,-0.14915806
0.677943,0.50569236,-0.30092186
0.66220963,0.5663211,-0.34541517
0.66340774,0.6110366,-0.33503476
0.7875444,0.5538561,-0.18585703
0.7569497,0.523338,-0.31526154
0.72894865,0.57772356,-0.34568346
0.7189245,0.616638,-0.33298618
0.8522631,0.5721725,-0.23135515
0.8302722,0.5461399,-0.32436648
0.7932071,0.5780649,-0.3590451
0.76900405,0.60505664,-0.36476144
0.7772126,0.6781003,-1.2387995E-4
0.6907219,0.6697207,-0.082411066
0.6188348,0.6424713,-0.18942213
0.6188402,0.62808263,-0.29625535
0.67455214,0.6179906,-0.3898285
0.6511628,0.5394769,-0.11912763
0.6229081,0.4604834,-0.19202036
0.61210597,0.41468805,-0.24253404
0.6070089,0.37235007,-0.2894258
0.72355396,0.54007965,-0.14574987
0.68262064,0.5045284,-0.2896314
0.66368806,0.56335574,-0.32824874
0.6645504,0.6061336,-0.31731966
0.79292536,0.551043,-0.1830053
0.76043785,0.5219725,-0.30803466
0.7326184,0.573983,-0.33648103
0.7234011,0.6118859,-0.3274122
0.8566055,0.5695588,-0.2275474
0.8327595,0.54525054,-0.31552893
0.79891056,0.5756185,-0.34643522
0.778752,0.6008033,-0.3534062
0.7897959,0.67769384,-1.3771809E-4
0.7032938,0.6662886,-0.087869965
0.63328326,0.63583475,-0.20108789
0.6401216,0.6233186,-0.31143242
0.69722396,0.61547,-0.40459952
0.6738807,0.53619075,-0.12544726
0.65668994,0.45688736,-0.19774337
0.6569263,0.4115495,-0.24472147
0.66311634,0.36869204,-0.287317
0.7452849,0.53959525,-0.14930095
0.7161829,0.5007476,-0.29898643
0.6940328,0.56013757,-0.33492568
0.68714416,0.60109246,-0.31528124
0.8123134,0.55188215,-0.1828141
0.791161,0.5171765,-0.3053753
0.75863034,0.56968427,-0.3345516
0.7424186,0.60625064,-0.32497516
0.87257123,0.57130224,-0.22445065
0.85693294,0.5454049,-0.30502972
0.82180333,0.5762037,-0.33590463
0.79823786,0.6000504,-0.34139562
0.79178727,0.678671,-1.274253E-4
0.7046951,0.6674145,-0.0929983
0.6357356,0.63883364,-0.20628233
0.63871264,0.62564284,-0.31602594
0.69348055,0.61530364,-0.40939435
0.6746326,0.53651327,-0.12578113
0.6558027,0.4578873,-0.1976535
0.65511453,0.41215143,-0.24620155
0.6603535,0.36893338,-0.290629
0.74566495,0.5398645,-0.14812155
0.716671,0.4997002,-0.30037346
0.6947487,0.559402,-0.33924702
0.6878901,0.602431,-0.32059923
0.81293863,0.55219513,-0.18170668
0.79179955,0.51817584,-0.31078938
0.7603693,0.57097524,-0.34460625
0.74462754,0.608416,-0.33435178
0.87395495,0.5716233,-0.22281146
0.8595036,0.5455083,-0.31019828
0.8246585,0.5757307,-0.34325778
0.80083805,0.59939605,-0.34815294
0.79445785,0.67852145,-1.226025E-4
0.71088034,0.6671633,-0.09950382
0.64466345,0.63936263,-0.21775326
0.64662695,0.62891203,-0.33245122
0.69672424,0.6208927,-0.432988
0.6791637,0.5363129,-0.13284288
0.67274725,0.457327,-0.20375146
0.67924297,0.4139574,-0.2508376
0.6890697,0.37350228,-0.29277244
0.7501665,0.5405547,-0.1517404
0.7302073,0.5034889,-0.30195224
0.7080717,0.56342834,-0.3383445
0.69691277,0.60411894,-0.31983608
0.81729573,0.5537815,-0.18203653
0.8029255,0.5236537,-0.31194997
0.7725121,0.57679605,-0.34639388
0.7545163,0.61353815,-0.33919778
0.87753856,0.5730169,-0.21925573
0.86811525,0.54745996,-0.3074499
0.83484304,0.57936776,-0.3429784
0.81102717,0.60389304,-0.3512138
0.7963712,0.67888707,-1.281147E-4
0.7090175,0.66760564,-0.092307635
0.63874555,0.6385755,-0.20465153
0.64548016,0.62604773,-0.31362444
0.70325506,0.6166301,-0.40563565
0.681749,0.53627384,-0.122830115
0.6732433,0.45744163,-0.18985812
0.67910945,0.41430256,-0.23219623
0.68917745,0.37474385,-0.27018675
0.75319755,0.5401444,-0.14392672
0.7299948,0.50265944,-0.28873023
0.7093077,0.56173134,-0.32593188
0.7005866,0.60257804,-0.30828476
0.81942374,0.5529757,-0.1750024
0.8019704,0.5222089,-0.2992376
0.77186716,0.57499975,-0.3337955
0.7552422,0.6117228,-0.32721794
0.8799263,0.57236385,-0.21359447
0.86887026,0.5474675,-0.2975149
0.83557177,0.5787685,-0.33262742
0.8125835,0.6028339,-0.33965492
0.7902045,0.6943275,-1.0094954E-4
0.7079839,0.66969746,-0.08750798
0.6452644,0.6273404,-0.18359444
0.63732314,0.5929603,-0.2788304
0.69504106,0.5768712,-0.3643376
0.6927853,0.5382016,-0.07727701
0.6772697,0.46779698,-0.13181746
0.6649465,0.4236204,-0.17379245
0.65900224,0.38457167,-0.2147092
0.7563414,0.5411863,-0.102751516
0.73525125,0.4784139,-0.22796793
0.7057921,0.5194293,-0.2943118
0.70029384,0.55737567,-0.3142659
0.81919926,0.55424786,-0.13928352
0.8142445,0.49412575,-0.23607007
0.7773675,0.52863264,-0.28844592
0.76255655,0.5642262,-0.30032042
0.88714856,0.57667065,-0.18524471
0.8950392,0.5284641,-0.25805485
0.85524106,0.5313271,-0.30343798
0.82169783,0.55119824,-0.32501402
0.7900703,0.6959781,-1.0001296E-4
0.70921904,0.67073345,-0.084925026
0.6476683,0.6269774,-0.18374722
0.6408673,0.5937633,-0.28371578
0.7001115,0.5823743,-0.37422094
0.6967044,0.53879786,-0.075068176
0.68080956,0.46844915,-0.12821098
0.6687017,0.4238399,-0.16714679
0.6634776,0.38403118,-0.20559421
0.760143,0.5423812,-0.10289627
0.74046856,0.480241,-0.22958356
0.7099965,0.52102345,-0.29376918
0.7032186,0.5591193,-0.30947152
0.82244414,0.5560224,-0.14178485
0.819063,0.49590558,-0.23828974
0.78100806,0.53057647,-0.2866017
0.76526964,0.5665918,-0.29506612
0.8890671,0.5794649,-0.18994865
0.8987262,0.53063244,-0.26145017
0.85821617,0.5341827,-0.3054701
0.82435477,0.5550792,-0.32630706
