0.67963755,0.70728153,-1.2652829E-4
0.5354124,0.67031133,0.12849319
0.44382936,0.6273657,0.16559285
0.36070582,0.60926926,0.15814742
0.2768663,0.5990937,0.14138423
0.53277516,0.5277022,0.1409591
0.48737356,0.47119096,0.12138595
0.41402832,0.45532867,0.0935999
0.34895343,0.45845342,0.06568377
0.55595624,0.53244877,0.03212076
0.50903857,0.45808062,0.0036792883
0.41553766,0.44595957,-0.03599043
0.34354666,0.45835528,-0.059329357
0.57328147,0.5486551,-0.07578914
0.53295517,0.47117245,-0.1111111
0.4422393,0.45516145,-0.13744086
0.37074527,0.46300516,-0.15252103
0.57686263,0.5736004,-0.17543155
0.53945756,0.5136129,-0.20589083
0.47722307,0.48590124,-0.23412071
0.4144569,0.47376904,-0.25464144
0.68733126,0.7102331,-1.8635E-4
0.54376936,0.6709602,0.11244939
0.45302603,0.62715423,0.14480616
0.37246686,0.60743016,0.13408099
0.2930706,0.5947054,0.11399598
0.53721005,0.530872,0.12431162
0.49667948,0.47308746,0.098253734
0.4196395,0.4567483,0.064220555
0.35283673,0.46131533,0.032034036
0.5639202,0.5346573,0.021467512
0.5256141,0.45888025,-0.017677855
0.4302279,0.44605702,-0.064011134
0.3599665,0.45967805,-0.09173126
0.5844128,0.5511254,-0.08196349
0.5586401,0.47351414,-0.12300947
0.46611047,0.45693326,-0.15529083
0.3951455,0.46555918,-0.17198946
0.59329754,0.5776905,-0.1760113
0.5708695,0.5176963,-0.21519276
0.51051444,0.49011168,-0.24764349
0.45144534,0.48112506,-0.26631474
0.6652336,0.71123374,-1.5629629E-4
0.5304615,0.6621579,0.13725062
0.45240778,0.6143845,0.18102272
0.37961864,0.59242916,0.18159339
0.30621862,0.57766277,0.17486115
0.5635808,0.5242235,0.14990747
0.5471371,0.46314445,0.14066541
0.48229566,0.4430371,0.13080604
0.42024022,0.44333303,0.11697495
0.58551174,0.53077346,0.043125562
0.5731262,0.45170817,0.02486489
0.4862836,0.4332509,0.0051209163
0.41670603,0.44000435,-0.0051351516
0.5952061,0.5486914,-0.06285987
0.5894078,0.4679404,-0.088571586
0.5070991,0.4452667,-0.10510954
0.438789,0.44668126,-0.11210561
0.58671635,0.57418466,-0.1588883
0.5772252,0.51210535,-0.1816659
0.5264311,0.48052803,-0.20409042
0.47333935,0.46502987,-0.22101612
0.66692406,0.7159183,-1.8070114E-4
0.5357423,0.66906995,0.13871741
0.45653093,0.6207776,0.1836617
0.3837754,0.5974692,0.18386468
0.30962026,0.5800367,0.17860486
0.5639034,0.5303371,0.15751435
0.54791737,0.46789193,0.1479405
0.48491067,0.44764233,0.13694243
0.4245522,0.4484052,0.12343154
0.586535,0.53665626,0.05037935
0.5746897,0.45608324,0.033144694
0.48955727,0.4373094,0.010070606
0.42067066,0.44471085,-0.0028240238
0.59835196,0.5539704,-0.05611181
0.5922096,0.47202164,-0.07951854
0.5105238,0.44947994,-0.09594117
0.442152,0.4514583,-0.103810936
0.59377027,0.57883656,-0.15252648
0.5832203,0.5160375,-0.17270216
0.531489,0.48529476,-0.19522077
0.4773143,0.47060412,-0.2119257
0.758932,0.7270313,-7.7957404E-5
0.63019496,0.6793457,0.19584563
0.5439169,0.62945473,0.26677808
0.4690162,0.60344625,0.28297892
0.3821903,0.58533216,0.28516734
0.6555221,0.5393237,0.2174893
0.588476,0.4753803,0.24319696
0.503291,0.46093017,0.2527037
0.43978217,0.4691745,0.259857
0.6729765,0.540801,0.103009656
0.58530307,0.45819113,0.11939182
0.47377938,0.44741893,0.13347591
0.4064479,0.46443632,0.14567776
0.6677947,0.55456,-0.008569361
0.582374,0.46894604,0.006548517
0.47865495,0.45768905,0.021544177
0.4140972,0.472172,0.032980915
0.6343392,0.5748745,-0.103501566
0.5626624,0.51076645,-0.09258529
0.49106193,0.4886189,-0.08311041
0.43340153,0.48399878,-0.08002896
0.76049006,0.73279977,-8.63E-5
0.6345113,0.685945,0.19887932
0.55083406,0.63525677,0.2681748
0.47440657,0.6086833,0.28272298
0.39241776,0.58884484,0.28538945
0.66304743,0.5454624,0.20376885
0.5894179,0.48025024,0.22252743
0.5026284,0.46712825,0.23244594
0.44045138,0.4765534,0.2378956
0.6800696,0.5466717,0.08630051
0.58879066,0.46356493,0.099152535
0.4751463,0.4546618,0.11435045
0.40713096,0.4735431,0.12974806
0.6751054,0.560979,-0.027285188
0.5892984,0.47383833,-0.014391516
0.4853595,0.46402657,0.001059632
0.41974404,0.481446,0.012949277
0.641294,0.5830364,-0.123540655
0.5711202,0.517542,-0.10784709
0.499599,0.49577156,-0.09562644
0.4393164,0.49176937,-0.090592325
0.7185431,0.7144348,-1.2945163E-4
0.5799252,0.67695117,0.11129262
0.49378935,0.6350283,0.13131744
0.41803718,0.6155258,0.112462424
0.33791184,0.60007936,0.0762671
0.59401715,0.54680276,0.05398203
0.56255347,0.48732376,0.008017319
0.4902505,0.4649073,-0.032796364
0.41935262,0.4635169,-0.065619454
0.6231357,0.5536503,-0.04741346
0.59087414,0.47727418,-0.10382961
0.49638265,0.45821032,-0.15107234
0.41605562,0.4668787,-0.17862996
0.64370996,0.5724967,-0.14628926
0.6156993,0.4955206,-0.2056526
0.5215298,0.47556865,-0.24810822
0.44378972,0.48146653,-0.2677523
0.65064305,0.59855974,-0.23248081
0.6200433,0.54107267,-0.2862959
0.5556419,0.51442933,-0.32829103
0.49032798,0.50356483,-0.35427082
0.7183771,0.7140461,-1.3173511E-4
0.5800661,0.67754924,0.109055854
0.49334118,0.63499844,0.1267233
0.4172462,0.61564887,0.10581196
0.3375552,0.6002404,0.06748482
0.59601593,0.54670286,0.041829236
0.5663157,0.48670375,-0.009717427
0.49253446,0.46375167,-0.05132398
0.42043686,0.46265212,-0.082368664
0.625687,0.554228,-0.058652215
0.59376115,0.4773376,-0.120251305
0.49827483,0.4577304,-0.16673328
0.41732457,0.46651322,-0.19281274
0.6460944,0.573899,-0.15620106
0.61848307,0.49634147,-0.21989186
0.52412385,0.47558177,-0.26167107
0.44668248,0.4816009,-0.27944803
0.6514943,0.6011106,-0.24089573
0.6224236,0.5436799,-0.29770947
0.55915713,0.51596576,-0.34122902
0.49503615,0.50445527,-0.36720973
0.6963958,0.72067165,-1.662842E-4
0.57508624,0.6904051,0.055338103
0.474823,0.6470812,0.051061366
0.38632664,0.62708753,0.017144838
0.29506826,0.6167662,-0.034814607
0.56777966,0.5480832,0.06022363
0.5473009,0.48681542,0.01678985
0.48747808,0.46026757,-0.046574555
0.4204708,0.45428348,-0.093221135
0.60941696,0.5505002,-0.020529311
0.5932327,0.4758482,-0.082227305
0.5175134,0.45276648,-0.15292989
0.44638243,0.45712656,-0.20081192
0.64725024,0.56478715,-0.104722865
0.6407798,0.49008864,-0.16558152
0.56363887,0.4678199,-0.22543237
0.49459094,0.47122884,-0.25750196
0.6831007,0.5878104,-0.18400075
0.67826027,0.52587366,-0.24961331
0.628353,0.4986953,-0.3073069
0.5719064,0.48904958,-0.34311685
0.7023102,0.7203514,-1.9503853E-4
0.5774309,0.6885042,0.04800589
0.47544637,0.646223,0.03714913
0.38522008,0.62721753,-0.0015746931
0.29402143,0.61630744,-0.058817696
0.56760645,0.5478105,0.042091522
0.5478715,0.48681515,-0.007469871
0.49006563,0.46043384,-0.07574929
0.42382082,0.4539705,-0.1266639
0.6096075,0.5508042,-0.03728216
0.5954184,0.47669148,-0.10458936
0.5224872,0.45395732,-0.17690246
0.45184368,0.45751023,-0.22560653
0.6482723,0.56605595,-0.119626805
0.644813,0.4923601,-0.18552248
0.57038206,0.4701718,-0.24866432
0.5015052,0.472717,-0.28263468
0.6848099,0.5896881,-0.19738756
0.6816615,0.52910435,-0.2667891
0.6335727,0.5015728,-0.32587075
0.5774079,0.4908261,-0.36193165
0.7166698,0.7011343,-1.1927526E-4
0.58324885,0.67197686,0.12294385
0.48872513,0.631469,0.16455296
0.40932614,0.6115958,0.16326857
0.3267251,0.6032821,0.15434551
0.5642329,0.53230256,0.19129454
0.53753275,0.47525084,0.20025021
0.47906148,0.45927575,0.18106331
0.42425278,0.4636076,0.15637396
0.5922664,0.52769643,0.09380972
0.5651137,0.45645398,0.09108423
0.4854714,0.4466251,0.052878566
0.4214568,0.4619589,0.021451477
0.6183089,0.53371406,-0.004961752
0.5993342,0.45920646,-0.016273623
0.5177266,0.44847772,-0.039756317
0.45151222,0.46140176,-0.057537608
0.6362156,0.54818064,-0.09753494
0.6124412,0.4870697,-0.11575158
0.553018,0.46633813,-0.14119503
0.49067882,0.46442962,-0.16389143
0.74659806,0.6731739,-1.4553445E-4
0.6077056,0.6384712,0.14583592
0.51598334,0.59809,0.18913141
0.42958716,0.5807188,0.18407954
0.34858114,0.5687669,0.17063874
0.60775423,0.49925563,0.20772295
0.54700756,0.4465006,0.20766693
0.47098634,0.4384477,0.19100122
0.41303104,0.45169586,0.17498827
0.6282598,0.4971941,0.102784775
0.55572844,0.43033868,0.10646526
0.45695496,0.430073,0.08254312
0.39151126,0.4478642,0.062101893
0.63970363,0.50556505,-0.0031347794
0.5750293,0.4323841,-0.0031282625
0.4787048,0.43051627,-0.0051253582
0.41113064,0.44816175,-0.007103119
0.63492644,0.52094835,-0.10028819
0.5762677,0.4609516,-0.09773621
0.50729305,0.44490367,-0.09758666
0.4434447,0.44325775,-0.09987296
0.7494013,0.6729608,-1.5431631E-4
0.6089019,0.6380313,0.14079806
0.5179886,0.59879345,0.18367606
0.43287504,0.58151895,0.18041177
0.35329348,0.56920683,0.16828312
0.60649985,0.49978027,0.2056857
0.54571307,0.44704607,0.2086753
0.46818507,0.43810797,0.19615923
0.4094237,0.45021415,0.1808831
0.62637866,0.4982548,0.10344625
0.5552349,0.43051738,0.10732897
0.45644715,0.42991272,0.08413928
0.3909573,0.44779164,0.06489966
0.6381502,0.5066733,-9.204093E-4
0.5760956,0.4332504,-0.0014660163
0.4797754,0.43053636,-0.004835532
0.41191566,0.4476314,-0.007215965
0.6351633,0.5212436,-0.09643242
0.5772961,0.46164057,-0.0952919
0.50850147,0.44523728,-0.098341115
0.44479212,0.4433906,-0.102495395
0.7508995,0.66582,-4.0057632E-5
0.61509275,0.62993085,0.15283416
0.52363324,0.5845857,0.1977883
0.43459934,0.5604237,0.19648279
0.34672105,0.5460328,0.17793731
0.6531562,0.48223436,0.16770124
0.56173295,0.43052086,0.17844696
0.47788385,0.41406545,0.17517944
0.40868032,0.4148524,0.17577781
0.6807347,0.48058185,0.06300084
0.5684243,0.41243178,0.07648439
0.4622758,0.40285948,0.071395695
0.38465828,0.41259208,0.069805354
0.6850728,0.49200815,-0.035461765
0.57651794,0.41642126,-0.029848265
0.47360885,0.40434557,-0.025709238
0.39592713,0.41136536,-0.025834702
0.6579648,0.512963,-0.12531148
0.56967455,0.4551783,-0.12431367
0.49483246,0.43314666,-0.12204045
0.42282015,0.4209796,-0.12111638
0.7610996,0.7180896,-1.8437889E-4
0.6145918,0.6857454,0.11080197
0.51377296,0.6436079,0.12782641
0.4271505,0.62518305,0.105000965
0.3373627,0.61583257,0.0694113
0.6136713,0.53908813,0.087116815
0.59202325,0.477498,0.05830875
0.5291006,0.44842672,0.026150549
0.45824277,0.43691215,0.0017261611
0.64748734,0.54503644,-0.016700035
0.62609655,0.46471423,-0.063002855
0.5417812,0.4382322,-0.10313692
0.46341017,0.436769,-0.1245616
0.6713258,0.562643,-0.11786553
0.65963763,0.48114502,-0.16624814
0.5742343,0.45208582,-0.19913954
0.49926257,0.44721517,-0.21799195
0.6819881,0.5885433,-0.20940277
0.66733944,0.52270997,-0.25386414
0.61300534,0.48830205,-0.2915722
0.55806065,0.46727887,-0.3185243
0.71940625,0.71174324,-2.455508E-4
0.5888376,0.6903692,0.06768408
0.49058026,0.6517814,0.07069731
0.4097502,0.6353859,0.042059813
0.32925418,0.6257286,0.0031675638
0.5690807,0.5411149,0.07318993
0.5463982,0.48062772,0.03976701
0.48950747,0.4514552,-0.008397191
0.42155117,0.44001043,-0.045153018
0.6113849,0.5443676,-0.015616164
0.5940548,0.46939775,-0.06817957
0.52669287,0.4435441,-0.12219006
0.45345846,0.44110435,-0.15531284
0.64706,0.55983925,-0.107596
0.64327407,0.48559925,-0.16001214
0.5737871,0.45728368,-0.20867416
0.5033629,0.45141706,-0.23348948
0.6795902,0.585275,-0.19458848
0.6768813,0.5226454,-0.25372657
0.63418597,0.49010456,-0.30631557
0.58147246,0.4711907,-0.3401708
0.7221011,0.7142304,-2.3179706E-4
0.59217584,0.6916229,0.06593849
0.49403673,0.65217614,0.07023021
0.41395038,0.63545924,0.044146452
0.33506694,0.62622833,0.008156961
0.5723267,0.54287314,0.07126807
0.5513693,0.48228267,0.03622174
0.49456564,0.45321444,-0.012803949
0.426346,0.44167426,-0.04974352
0.6153465,0.5463448,-0.016796311
0.5986785,0.47117037,-0.07220594
0.5316364,0.44471616,-0.12855625
0.45872587,0.44165793,-0.16308306
0.65169,0.5622386,-0.107968785
0.64854026,0.48775947,-0.16280635
0.5791715,0.45921147,-0.21271573
0.50825506,0.45279628,-0.23758572
0.684994,0.58770823,-0.1945059
0.68478644,0.5258448,-0.25698447
0.64302915,0.4934411,-0.3113536
0.59107107,0.47424293,-0.3455668
0.7195937,0.716487,-1.4690275E-4
0.57659554,0.6707536,0.14855966
0.4915764,0.61872333,0.19642676
0.41616046,0.5904647,0.19814399
0.3399638,0.5651235,0.19849059
0.62388605,0.51290965,0.2152085
0.6174249,0.44838673,0.21994936
0.55470866,0.42435846,0.2101456
0.4898909,0.42322925,0.19170825
0.64657724,0.5161718,0.102310285
0.64379597,0.4318363,0.10331921
0.55988836,0.4092713,0.07580227
0.48547614,0.41408044,0.054756023
0.6580245,0.5294943,-0.013328652
0.6612802,0.44130608,-0.024587112
0.5756007,0.41656038,-0.04000855
0.49961963,0.418521,-0.048678473
0.6545902,0.5498881,-0.12213717
0.6454454,0.47840026,-0.13384397
0.58767825,0.44637427,-0.15251577
0.52443516,0.43159425,-0.16916275
0.82894,0.6821017,-1.3105107E-4
0.6644174,0.6515289,0.15088873
0.5528618,0.6181762,0.19644973
0.46116248,0.6069779,0.19382088
0.37962896,0.6004046,0.18599008
0.61857927,0.5062366,0.16750437
0.56016314,0.4481366,0.16081624
0.48607087,0.43669558,0.15118343
0.42390776,0.4442651,0.13696009
0.6475802,0.50679773,0.052411407
0.5781691,0.43008727,0.041946556
0.48270306,0.4242682,0.018641077
0.41449672,0.4406863,0.004654026
0.671381,0.5216843,-0.060120326
0.60304284,0.44187304,-0.08226894
0.5075764,0.43332943,-0.09432534
0.43806988,0.4473025,-0.10259263
0.6792895,0.5480116,-0.16239041
0.6183688,0.48826298,-0.17839345
0.5447275,0.46717364,-0.1960805
0.47720724,0.46229875,-0.21077615
0.7699145,0.6304707,-6.532793E-5
0.639113,0.61032873,0.082159415
0.5382008,0.5686285,0.10746817
0.4525669,0.54268205,0.09407577
0.37497473,0.5165797,0.07157444
0.59587854,0.46350133,0.17919812
0.56435496,0.40066034,0.17277025
0.5007244,0.38797003,0.13476184
0.4520179,0.40289307,0.10103187
0.62939173,0.4547627,0.097630985
0.58818597,0.3750971,0.08944121
0.50697476,0.370785,0.03122639
0.4565187,0.39785773,-0.013946384
0.66797864,0.45549652,0.0101806475
0.6314472,0.37495527,-0.003073998
0.5465936,0.37348372,-0.037796184
0.48931453,0.4013976,-0.065881886
0.70719147,0.46495047,-0.07302548
0.66661835,0.3986976,-0.089258276
0.59831506,0.38497323,-0.1082588
0.5365858,0.39536965,-0.12372706
0.76874864,0.6304339,-6.9168396E-5
0.63720226,0.61000156,0.08147588
0.5374016,0.5682479,0.10692272
0.45259196,0.5425304,0.09375941
0.3751033,0.51621807,0.072326615
0.5961603,0.4634754,0.18254223
0.56494254,0.40090308,0.17799966
0.5021328,0.38779652,0.14213829
0.453516,0.40243226,0.10951696
0.6294673,0.45453328,0.102108605
0.58853656,0.37490043,0.09620107
0.50850374,0.3704905,0.03842232
0.45792934,0.39733505,-0.007336253
0.66751695,0.45487076,0.015342048
0.63094145,0.3744933,0.0036260972
0.5473183,0.3731584,-0.030393528
0.4905937,0.40090156,-0.058757976
0.7060298,0.46379566,-0.06677201
0.6640638,0.39778844,-0.08167867
0.5962848,0.3844422,-0.10039302
0.5352588,0.39499095,-0.11612743
0.766837,0.63039637,-5.4139302E-5
0.6365162,0.6101656,0.076426625
0.5359228,0.56877345,0.09830165
0.45222378,0.5430343,0.08281625
0.37747544,0.51592374,0.059317518
0.5943893,0.46307093,0.16829628
0.5641472,0.39922187,0.15584761
0.50002134,0.38693923,0.116360694
0.45087636,0.40235972,0.08278793
0.62818164,0.4551038,0.08826169
0.5885611,0.37424666,0.073900126
0.50775754,0.3696766,0.013519326
0.45784658,0.39690182,-0.03191226
0.6676642,0.45708832,0.0029246684
0.6336297,0.37524807,-0.01638412
0.5493591,0.37289324,-0.052450426
0.4920615,0.4007784,-0.08112506
0.7087605,0.4684483,-0.07847751
0.67096543,0.40065613,-0.099114984
0.6034972,0.38504496,-0.12071353
0.54227716,0.39443284,-0.13716522
0.7854549,0.64152473,-1.0971143E-4
0.6578727,0.62273324,0.09425958
0.5592407,0.58220226,0.12010157
0.48256266,0.5546887,0.10581906
0.44813472,0.5189984,0.08848687
0.6192347,0.47175997,0.2063717
0.58743566,0.41124624,0.2019398
0.52295333,0.40055257,0.16194616
0.47510135,0.4173541,0.12761225
0.6511365,0.4642064,0.11921314
0.61599374,0.38503203,0.11631638
0.5349727,0.38233453,0.05289554
0.48548174,0.41136104,0.00334983
0.68794674,0.4657352,0.027881952
0.6572111,0.3854164,0.0195497
0.5730268,0.38443476,-0.015545979
0.51742095,0.4138875,-0.043069236
0.72547853,0.47498754,-0.058768816
0.6868215,0.40677786,-0.066315025
0.6190018,0.3935083,-0.08007867
0.5582482,0.40644407,-0.094595045
0.7819318,0.64213324,-1.1923849E-4
0.6564298,0.62381536,0.09200563
0.555815,0.58314186,0.11827153
0.4798983,0.55544245,0.10502651
0.44901603,0.5200555,0.08878246
0.61246425,0.47332624,0.20250595
0.58210677,0.41241843,0.20096906
0.517559,0.40192604,0.16298194
0.4700417,0.41884756,0.12894115
0.64430225,0.46579367,0.11660166
0.61080253,0.38604233,0.11542683
0.53056014,0.38314405,0.053510323
0.48274675,0.41231206,0.0053591817
0.6818341,0.46718547,0.026697733
0.65381354,0.38626114,0.022847794
0.571045,0.38416767,-0.012006146
0.51578426,0.4132293,-0.040299986
0.72110474,0.47606623,-0.059171412
0.6862868,0.40759265,-0.064560294
0.6203626,0.3937172,-0.07713697
0.56081414,0.40681475,-0.09114206
0.7999549,0.6453395,-1.2809194E-4
0.6592204,0.627139,0.084177874
0.5476566,0.5898109,0.11833565
0.47153395,0.5571394,0.11556089
0.47222346,0.5216984,0.11809726
0.61571574,0.48173797,0.24435934
0.5820014,0.4233675,0.24946809
0.52293414,0.4122135,0.21004155
0.4829605,0.4283116,0.17272513
0.64900076,0.4690932,0.16771254
0.612175,0.39125443,0.17563595
0.53965944,0.38712144,0.11143766
0.5035954,0.41627482,0.05840265
0.69089025,0.46490493,0.08366554
0.6569079,0.38803944,0.091326766
0.58339983,0.38787642,0.055486653
0.54061896,0.41750336,0.02410436
0.7369821,0.4680582,-5.5462224E-5
0.69816923,0.4052968,0.0021651448
0.6338317,0.39446682,-0.01247241
0.57830465,0.40969938,-0.030420756
0.74849147,0.6220762,-2.0975592E-4
0.63364094,0.59064126,0.1397916
0.57335544,0.5411458,0.18694425
0.51378053,0.50934595,0.19224273
0.5039977,0.48022553,0.19760008
0.7172901,0.44861525,0.21964487
0.67056715,0.38257778,0.21157254
0.5845363,0.37551898,0.17854972
0.53055745,0.397331,0.15382431
0.74599934,0.44542098,0.12289423
0.69432586,0.36099863,0.14106196
0.5874451,0.35832965,0.10580724
0.53202444,0.38542894,0.07711766
0.7596152,0.4504233,0.025202833
0.7117142,0.36345828,0.030446375
0.6006176,0.35998693,0.020765178
0.5381841,0.38692763,0.013965977
0.7465452,0.46176016,-0.064181596
0.6940702,0.38913855,-0.05533478
0.6105502,0.37731808,-0.0476117
0.54711485,0.39059103,-0.043931067
0.75462854,0.6226442,-1.751266E-4
0.636218,0.5907061,0.1474504
0.5757685,0.542947,0.19715871
0.5147792,0.51117665,0.20249362
0.50376284,0.47814468,0.20755903
0.7208436,0.45035258,0.23848572
0.67615634,0.38551345,0.23403661
0.5920661,0.37762395,0.20331846
0.53725845,0.39932215,0.1813048
0.74964863,0.44643113,0.13970564
0.69956046,0.3620755,0.1606604
0.59330827,0.3579638,0.12929516
0.53651494,0.3856704,0.10460892
0.7619723,0.45010334,0.039738923
0.713722,0.36377066,0.04595413
0.60244983,0.35960728,0.036857445
0.5390826,0.3872564,0.030861404
0.74468803,0.45967668,-0.051238652
0.6913941,0.38811705,-0.04327528
0.60665154,0.3764994,-0.034255307
0.54111516,0.3910703,-0.028780961
0.731257,0.6669382,-1.4378258E-4
0.59764445,0.6293644,0.05777439
0.5071134,0.57409954,0.06664005
0.43401074,0.53919154,0.04134595
0.36176366,0.5041827,0.00639528
0.60737544,0.47781008,0.12310639
0.5998391,0.41133583,0.08296006
0.5404936,0.39141497,0.024187474
0.48480096,0.39850032,-0.012796906
0.6505233,0.47729477,0.044504527
0.6434897,0.39343047,-9.2747115E-4
0.5626814,0.38017786,-0.073017195
0.499787,0.4011352,-0.121853225
0.6919178,0.48634663,-0.040638115
0.69117284,0.4036587,-0.08304222
0.6058435,0.38872594,-0.13379526
0.5351602,0.40614685,-0.1685214
0.7306097,0.50377214,-0.12359774
0.71645933,0.43684217,-0.16066036
0.65618193,0.41149145,-0.19811404
0.5897233,0.40991032,-0.22736222
0.70950913,0.70356786,-1.2987595E-4
0.58435214,0.66103256,0.07876318
0.508252,0.60551316,0.0969568
0.44894218,0.56657135,0.07905814
0.43598837,0.5247689,0.06099237
0.62536514,0.51338255,0.16392821
0.61308956,0.44695082,0.13299054
0.5432546,0.43440372,0.09332196
0.4905795,0.45217928,0.06643871
0.6627561,0.5136334,0.08187158
0.65838224,0.42855957,0.057707854
0.57156116,0.4207488,0.002565509
0.5140425,0.4457338,-0.03579861
0.6989784,0.52241385,-0.007581286
0.70056283,0.43857366,-0.033175163
0.61184657,0.42519417,-0.06573602
0.5459613,0.44514373,-0.08847183
0.73105586,0.5377647,-0.09341397
0.7241955,0.46792418,-0.1105739
0.6644639,0.442771,-0.12901397
0.60255593,0.44317022,-0.14810193
0.7089964,0.7022613,-1.2085041E-4
0.5822158,0.6604742,0.0797704
0.5051179,0.6049173,0.098184444
0.4465605,0.56636614,0.079957925
0.43398917,0.5245645,0.062648796
0.62399006,0.51212645,0.16861892
0.61203843,0.44651562,0.1400312
0.5432766,0.43365157,0.09976203
0.49125862,0.45108333,0.071747124
0.6612958,0.5120619,0.085881494
0.6567661,0.42761037,0.06289032
0.5710666,0.41993898,0.005749651
0.51406974,0.44526148,-0.034234
0.6977422,0.5206719,-0.0042730486
0.6994386,0.43741354,-0.027706755
0.6120282,0.42391625,-0.060572267
0.54700017,0.443614,-0.0833722
0.73014796,0.53579146,-0.090734206
0.7235783,0.4664035,-0.10691195
0.6635075,0.44149426,-0.12467636
0.60111237,0.44168922,-0.14361995
0.69652486,0.66806895,-1.5877308E-4
0.59072685,0.6204869,0.114430115
0.5488494,0.56364185,0.13618541
0.50222564,0.52552414,0.11996575
0.47165757,0.48206568,0.098994166
0.70397776,0.4932581,0.11523961
0.6742998,0.41812065,0.07027958
0.5843086,0.40726197,0.039565787
0.5201335,0.42534846,0.029151961
0.73975706,0.49773452,0.023748783
0.69338214,0.40878594,0.0026157831
0.57935107,0.4045747,-0.025668845
0.5117841,0.42816132,-0.034191806
0.7546493,0.5098252,-0.06805125
0.70897835,0.42063227,-0.09754697
0.589212,0.41455626,-0.107284866
0.5136914,0.43736124,-0.100273594
0.739195,0.52664167,-0.15408778
0.6937501,0.4526037,-0.1701978
0.6061665,0.4369806,-0.16636495
0.53505963,0.446329,-0.15785886
0.69393384,0.66903555,-1.6616199E-4
0.58907706,0.6217088,0.107944384
0.5472082,0.56450194,0.12611802
0.5026384,0.5249741,0.10626462
0.47568604,0.47876492,0.08219569
0.70238584,0.49430764,0.116458975
0.67190933,0.41966707,0.07200578
0.5837059,0.40793192,0.039853886
0.52085626,0.4256813,0.02924171
0.7387189,0.4979049,0.026811631
0.69531894,0.41013733,0.0057209176
0.5822887,0.40441453,-0.023079341
0.5140262,0.42717442,-0.03211855
0.7544051,0.5098627,-0.065032765
0.7108192,0.42184293,-0.09491379
0.59173733,0.41396254,-0.10740014
0.51597786,0.4354322,-0.102948464
0.739755,0.5267158,-0.15143222
0.69435126,0.4530859,-0.16672601
0.60682803,0.43635267,-0.16404106
0.53580624,0.4446308,-0.15688527
0.71719307,0.6659732,-1.0694012E-4
0.5821988,0.6222379,0.111261934
0.5128146,0.5698877,0.14936565
0.4593377,0.52607024,0.14500873
0.46015185,0.4817425,0.14220943
0.6330759,0.49211073,0.2699487
0.5946348,0.43460533,0.27001202
0.52660865,0.42475092,0.22579986
0.47896713,0.43908644,0.18234913
0.6602473,0.48295698,0.18532366
0.6211191,0.40676102,0.19927439
0.53143036,0.40361953,0.13886082
0.4821986,0.42854288,0.086825304
0.68857926,0.47812423,0.093942866
0.65096384,0.4007553,0.10435218
0.5597147,0.39983886,0.06705567
0.51085216,0.42817745,0.035965968
0.7113606,0.4756178,0.008056357
0.67236173,0.41089892,0.017967775
0.6019792,0.40161008,0.013552912
0.54923254,0.41858995,0.005907244
0.7196479,0.66612875,-1.19220116E-4
0.58317345,0.62109095,0.111975536
0.5147916,0.5691175,0.14828031
0.46049497,0.5261865,0.14169219
0.45797843,0.48168483,0.13667825
0.63707685,0.49033672,0.26399985
0.6017715,0.4317029,0.26130185
0.53167135,0.42146865,0.21730389
0.48315537,0.43610576,0.1754219
0.6635391,0.4824979,0.1776013
0.6260495,0.40558207,0.18856691
0.53464985,0.40245298,0.12847193
0.4853368,0.4280287,0.077571966
0.69045323,0.47893894,0.08458277
0.65480584,0.40127626,0.09241312
0.5616396,0.39974722,0.055529583
0.5116372,0.4280113,0.025689075
0.7110332,0.47773343,-0.0028856636
0.6752918,0.41258556,0.005439241
0.60429317,0.40260085,0.0011795821
0.55005276,0.41910255,-0.006281304
0.70478874,0.61427546,-8.734989E-5
0.60292614,0.55133563,0.12609087
0.5591451,0.4890207,0.13819781
0.5012447,0.44981098,0.10496206
0.46228603,0.40897915,0.053038087
0.7511013,0.42655274,0.07919503
0.7131712,0.34288904,0.014266924
0.61410844,0.32852152,-0.016326211
0.5443189,0.34623772,-0.016880801
0.77965355,0.43691325,-0.026348418
0.7200445,0.33932805,-0.081435844
0.5918175,0.33329594,-0.10618789
0.5197717,0.359168,-0.09994216
0.7803329,0.4573161,-0.13158251
0.72577614,0.35980532,-0.1858957
0.5987532,0.35211995,-0.19399126
0.519343,0.37498644,-0.17831257
0.74347556,0.48146123,-0.22852811
0.69642407,0.4039945,-0.26558644
0.60882026,0.38234574,-0.26679775
0.5381384,0.38527915,-0.25802737
0.7071632,0.6157461,-8.269401E-5
0.60472083,0.5543395,0.12704462
0.5621147,0.491695,0.14025398
0.5052524,0.45275596,0.10864841
0.46562713,0.41172585,0.059559673
0.7530492,0.4273984,0.07771557
0.7140219,0.34328145,0.014927121
0.6159946,0.32887483,-0.014179269
0.5481491,0.3463776,-0.014118387
0.7814684,0.4376795,-0.02713925
0.7229331,0.34060186,-0.078759134
0.5957462,0.33488077,-0.10112011
0.5250482,0.3608944,-0.093567535
0.7819244,0.45871153,-0.13144825
0.73040897,0.3611612,-0.18317488
0.6030735,0.35349816,-0.18976933
0.52400637,0.37633896,-0.17327628
0.7448224,0.48358402,-0.22719881
0.6985425,0.4062515,-0.2630335
0.6102959,0.38445535,-0.26351738
0.5407505,0.38735795,-0.25350425
0.69129246,0.631543,-1.8879479E-4
0.5720349,0.59760916,0.031073164
0.4789779,0.54091084,0.022379579
0.41347033,0.49893218,-0.015018753
0.39891613,0.45839122,-0.057185955
0.57518876,0.44184175,0.0902514
0.55936855,0.36884865,0.03837098
0.48884588,0.36101484,-0.030263832
0.44236556,0.3836195,-0.07345313
0.6235358,0.43889415,0.02140577
0.6166249,0.35064808,-0.028947296
0.5295822,0.34601212,-0.1093322
0.47598776,0.3775463,-0.16444035
0.67469335,0.44881657,-0.054720387
0.67890817,0.3626813,-0.10117208
0.5924118,0.3534276,-0.16610073
0.5273293,0.37906945,-0.20852019
0.7260686,0.46846876,-0.13166258
0.72412133,0.3969852,-0.17445806
0.6605283,0.37539324,-0.2167579
0.5947757,0.3826788,-0.25086933
0.7192031,0.7945974,-1.5845147E-4
0.58945405,0.7740749,0.14104404
0.49698564,0.7352834,0.19028638
0.4176647,0.71152973,0.19057496
0.35420823,0.6896451,0.19288498
0.5499032,0.62852854,0.24084745
0.51053524,0.5674657,0.250918
0.44125587,0.5624926,0.22989339
0.38770035,0.58214015,0.2084571
0.5696843,0.6212553,0.14034516
0.5214038,0.54211295,0.1552826
0.43085644,0.54026544,0.12077926
0.371598,0.5629933,0.08773862
0.588542,0.6236923,0.035726145
0.5400375,0.5417697,0.037392303
0.45059752,0.54222596,0.020639202
0.39198017,0.56741065,0.00944151
0.60102713,0.6333041,-0.060703747
0.5465908,0.56903994,-0.0519848
0.47602192,0.559715,-0.055345688
0.41393167,0.57049286,-0.060161296
0.7226057,0.79559505,-1.6601334E-4
0.59300965,0.776827,0.14566492
0.5019456,0.73769075,0.1965399
0.42332056,0.7142666,0.19792782
0.35751614,0.6914581,0.20140712
0.5585145,0.6307901,0.2452682
0.5159351,0.5693783,0.25549722
0.4460529,0.56484854,0.2379211
0.3936648,0.584254,0.22196889
0.57930124,0.62342036,0.14506912
0.52661586,0.5432744,0.16304487
0.43422794,0.5425736,0.1321657
0.37620246,0.5661172,0.10329738
0.5973054,0.6259506,0.04118213
0.5436794,0.5434482,0.045149274
0.4517631,0.5457852,0.030278698
0.39437684,0.5724176,0.020745153
0.60718185,0.63552785,-0.053668927
0.5487257,0.5717429,-0.042988006
0.47729936,0.5641319,-0.04338187
0.41783702,0.57699156,-0.043949142
0.75476843,0.78500026,-1.2662735E-4
0.61634713,0.77179897,0.13635273
0.5149847,0.73465896,0.18403101
0.43759528,0.7150188,0.18348141
0.37397254,0.6952654,0.18476799
0.5603363,0.6206804,0.21920744
0.52581644,0.5550844,0.2199192
0.45580655,0.55016667,0.20915802
0.40431845,0.56912935,0.19849102
0.586188,0.6155562,0.117843285
0.54135007,0.5293167,0.11695779
0.44949678,0.53046787,0.08618745
0.39183155,0.557491,0.06297857
0.6103222,0.6218977,0.01144159
0.5653666,0.53414714,-0.0031861633
0.47283626,0.53566563,-0.020971682
0.4126565,0.56197006,-0.03370326
0.6278982,0.6369702,-0.08589354
0.5781167,0.5707633,-0.09389643
0.5065411,0.5611387,-0.11039916
0.44611663,0.57315063,-0.12245783
0.8561179,0.7704555,-7.182289E-5
0.7059496,0.7427263,0.15528879
0.6031429,0.6994515,0.20070173
0.51778007,0.672544,0.19309418
0.4542697,0.6453194,0.1800796
0.67648566,0.5933943,0.1864731
0.6135745,0.52572536,0.17560834
0.52419394,0.5233703,0.16436012
0.46601224,0.5447071,0.15693003
0.70508397,0.5903753,0.07504417
0.619578,0.5042792,0.07349131
0.50797534,0.5111508,0.05424501
0.4506132,0.5428762,0.041892976
0.7259513,0.59987277,-0.03846244
0.6406986,0.51240844,-0.051389113
0.5334593,0.5195881,-0.05728368
0.47498244,0.5521305,-0.061877042
0.72671807,0.6191155,-0.13826431
0.64983195,0.55194086,-0.13848522
0.57321364,0.5421206,-0.13706577
0.5174148,0.55366766,-0.13800281
0.77114934,0.77933836,-6.0875314E-5
0.63028514,0.7589729,0.057119463
0.50990087,0.7177668,0.07585148
0.42534253,0.6848795,0.05976123
0.39053196,0.6495421,0.044675007
0.5810904,0.60380524,0.18320638
0.5341639,0.5421167,0.16354829
0.46682772,0.5281413,0.104966156
0.41115367,0.5375047,0.053762775
0.6249756,0.5936284,0.110470235
0.58182204,0.5131646,0.08432724
0.4959691,0.5070036,1.3316919E-4
0.43468732,0.53266567,-0.06783581
0.67320305,0.59496045,0.030238329
0.6348266,0.5134028,0.002767099
0.5488692,0.5123729,-0.05538916
0.4860771,0.5417029,-0.098277636
0.7277607,0.60342145,-0.051066197
0.6840075,0.5401917,-0.0793788
0.61065125,0.5288099,-0.12128516
0.5386129,0.5438609,-0.15613064
0.85825586,0.7489054,-7.17216E-5
0.669759,0.72639406,0.17412847
0.54923135,0.6616846,0.22003403
0.45730883,0.62431824,0.20753816
0.36195433,0.5780888,0.17830552
0.67815757,0.5152977,0.17557849
0.6120987,0.4134349,0.12165806
0.49012288,0.40555066,0.08065047
0.41035897,0.44212568,0.055036467
0.7280921,0.51513237,0.036340404
0.640035,0.3913467,-0.00733415
0.47694373,0.3946584,-0.041083533
0.3882586,0.43918806,-0.05807302
0.76290476,0.5314454,-0.109600194
0.6809355,0.40842462,-0.17389451
0.5166679,0.41252267,-0.19553034
0.4204802,0.45671865,-0.19758065
0.7697961,0.5597085,-0.24043813
0.6801728,0.4673386,-0.28431267
0.5589981,0.45298535,-0.30460605
0.4688722,0.47051477,-0.31220803
0.8562175,0.8236625,-2.335455E-4
0.67433465,0.7685777,0.2851493
0.555038,0.7003422,0.36686376
0.45029604,0.66389126,0.3689218
0.33716047,0.6286847,0.33739793
0.7035132,0.5590427,0.21455394
0.55337214,0.45710775,0.1996688
0.40804046,0.46019036,0.20987722
0.33855215,0.50130355,0.23498288
0.74089956,0.56204087,0.034624692
0.5571969,0.43368047,0.038080584
0.38425466,0.45391983,0.0689751
0.31928006,0.5080028,0.10382459
0.7387087,0.58816504,-0.1344756
0.5648895,0.4559738,-0.14587533
0.39360332,0.47546825,-0.10737433
0.3213119,0.52606237,-0.060181107
0.6897657,0.62837744,-0.27946705
0.5387302,0.524854,-0.2876104
0.41469663,0.5153105,-0.25828636
0.34034324,0.5362447,-0.217247
0.85645854,0.82423127,-2.3128906E-4
0.6736589,0.77191514,0.28662604
0.553825,0.70266384,0.36831278
0.4500875,0.6665025,0.37106016
0.33502162,0.6315823,0.33845574
0.705066,0.55802786,0.20968358
0.5542172,0.45556137,0.19980794
0.40832365,0.45883945,0.217268
0.33740687,0.49936646,0.24631394
0.74114317,0.5612673,0.028812112
0.5553571,0.4319983,0.03269869
0.38139713,0.45351306,0.06892188
0.31552786,0.5087403,0.10710006
0.736602,0.58820915,-0.13963431
0.5602053,0.45568657,-0.15055244
0.38838154,0.476678,-0.10993446
0.315906,0.5284645,-0.06240079
0.68664646,0.63005215,-0.28436983
0.53526026,0.5261627,-0.2912723
0.4114738,0.51771635,-0.25973514
0.3382776,0.5395012,-0.21807356
0.5986463,0.79387623,-2.1316604E-4
0.43867603,0.75713325,0.14580773
0.33645922,0.70612735,0.20642804
0.2579598,0.66890967,0.21263374
0.2050562,0.6333839,0.21873237
0.40917012,0.59395045,0.29121527
0.38149357,0.52196777,0.29829806
0.31391627,0.5136492,0.26953328
0.26221222,0.5333688,0.24952438
0.44560504,0.58418816,0.1832288
0.41350144,0.4938976,0.19607885
0.3227756,0.49206778,0.14362772
0.26470935,0.52076054,0.098298684
0.48375425,0.5843592,0.06770278
0.4527299,0.4949665,0.069158815
0.36113298,0.49459958,0.041192465
0.29909566,0.5244069,0.016466107
0.522669,0.59294194,-0.040087935
0.48028588,0.5206562,-0.037232704
0.40386757,0.510594,-0.049063556
0.3332485,0.52472264,-0.063616455
0.7066096,0.7978591,-1.3774614E-4
0.5680357,0.78145534,0.13018198
0.46893638,0.7484454,0.1822336
0.38838917,0.7258044,0.19039506
0.32699716,0.70360875,0.19609405
0.516226,0.65032583,0.23584192
0.45214218,0.59882873,0.25290135
0.38347694,0.59269637,0.24074851
0.33228892,0.6049304,0.22580245
0.53793544,0.64142716,0.14465563
0.46160448,0.5737063,0.16216227
0.3745485,0.5736126,0.13401535
0.3166221,0.5920193,0.10817046
0.5598501,0.6421711,0.04931949
0.4784312,0.5736146,0.053722907
0.38930076,0.5759792,0.040059563
0.3294268,0.5961585,0.027269086
0.57381654,0.6498753,-0.03888087
0.4945322,0.60057294,-0.032569114
0.42324466,0.5941667,-0.03584973
0.3610062,0.6015143,-0.040371798
0.59854525,0.76793295,-1.3115586E-4
0.48001388,0.73435205,0.12330007
0.41648033,0.683755,0.1784661
0.3615531,0.6460724,0.18747565
0.32576966,0.6097598,0.19834912
0.5271682,0.5915036,0.25601512
0.5305521,0.5318448,0.27434888
0.48330185,0.510237,0.25622344
0.43038037,0.51448596,0.23623206
0.55841297,0.58544415,0.16641513
0.57342935,0.51040834,0.18173209
0.50541484,0.49100834,0.14025676
0.44078854,0.5033484,0.10344799
0.5868989,0.5876072,0.07268421
0.60558444,0.51085746,0.07756603
0.5325743,0.4953153,0.052061353
0.46542102,0.5102793,0.034326565
0.6101615,0.59653944,-0.015969396
0.60969704,0.52966475,-0.019696463
0.5547375,0.50858665,-0.036404632
0.4901186,0.5114913,-0.049511813
0.7353728,0.7736366,-1.2438581E-4
0.5973625,0.75091213,0.14295167
0.49422932,0.7129648,0.19460416
0.406729,0.6895245,0.19874398
0.33658916,0.667183,0.2040455
0.5458636,0.6013582,0.25473318
0.50111294,0.54239327,0.2788788
0.43573904,0.5277147,0.2759358
0.38014448,0.5339672,0.2644608
0.5660027,0.5940678,0.15054923
0.51198643,0.5166325,0.1699632
0.42792743,0.50703895,0.14330277
0.3632329,0.51911116,0.115348496
0.58668214,0.5969937,0.04231905
0.5308482,0.5171699,0.048161745
0.44415122,0.508407,0.036697954
0.37884438,0.5206312,0.024881618
0.6030965,0.6068691,-0.05876645
0.53873694,0.5446914,-0.05438086
0.4656933,0.52985907,-0.062063623
0.39737678,0.53105104,-0.07286902
0.73793685,0.7811997,-1.6500567E-4
0.5893282,0.76409763,0.13876908
0.4788701,0.7271266,0.18832783
0.3887397,0.7089164,0.19448233
0.31747907,0.69759905,0.19758973
0.5201709,0.6108971,0.22833022
0.45889553,0.5600861,0.2561996
0.3858358,0.5371117,0.2525962
0.32354707,0.5280568,0.23708329
0.5412752,0.6051099,0.124667615
0.46665564,0.5396111,0.15060888
0.38008866,0.5251035,0.13796446
0.30996555,0.52550834,0.119855374
0.5613206,0.6099184,0.018346187
0.48698664,0.53884137,0.027080141
0.39560664,0.5226603,0.016079737
0.3240667,0.52220935,-1.6883652E-5
0.57474566,0.6233351,-0.08372605
0.5019965,0.56591225,-0.077211566
0.43075168,0.545005,-0.08493423
0.36379367,0.5342819,-0.09903323
0.74151975,0.77968335,-1.5248706E-4
0.59127706,0.7621487,0.13365196
0.48137787,0.72654045,0.18050335
0.390779,0.7091308,0.18378887
0.3175562,0.69705826,0.18551947
0.5218855,0.6101256,0.2199636
0.45877603,0.55900156,0.2439353
0.38463902,0.53675926,0.2383352
0.32138294,0.528817,0.22055466
0.5431415,0.604657,0.11755405
0.4667889,0.5388963,0.13778046
0.3793308,0.5252247,0.12234536
0.3083316,0.52672386,0.10215141
0.56290376,0.6096892,0.012224161
0.48790506,0.5383736,0.016688686
0.39536986,0.52258074,0.0046451804
0.32250255,0.522874,-0.012206394
0.57619077,0.6230785,-0.08900569
0.5029043,0.5650857,-0.0860823
0.43150416,0.5445316,-0.095522486
0.36370027,0.5343214,-0.109777205
0.7183328,0.7837068,-1.6153765E-4
0.5858975,0.75545704,0.1494016
0.49691138,0.71359,0.20710324
0.42125356,0.68654615,0.21218282
0.35848945,0.6606911,0.21821018
0.56471795,0.6095369,0.26994318
0.5545162,0.54305243,0.29865998
0.4987773,0.52449983,0.2942385
0.44533068,0.5294079,0.27990773
0.58409846,0.6038584,0.16694692
0.57352525,0.5196437,0.19679512
0.4997989,0.5022608,0.16770017
0.43998098,0.511205,0.1380421
0.60043144,0.60668004,0.059410278
0.59053063,0.52218056,0.07396896
0.51328,0.50711757,0.05729759
0.45301583,0.5178806,0.04108778
0.6100747,0.6151084,-0.04236121
0.58301246,0.5450345,-0.028280558
0.52123433,0.5262537,-0.035782706
0.4619102,0.5274771,-0.047224816
0.7500235,0.79617816,-1.3929949E-4
0.6005334,0.76836157,0.09551718
0.47903118,0.7224994,0.11460861
0.3845961,0.69234663,0.08892531
0.31294408,0.66476655,0.05870426
0.5661017,0.5893707,0.21225767
0.5404203,0.51682425,0.2170963
0.48077986,0.48734713,0.1812638
0.41836345,0.48290274,0.14600812
0.61180055,0.5820658,0.11407306
0.58888423,0.49436706,0.10135887
0.5095382,0.47226575,0.037143447
0.43564802,0.4826138,-0.019068308
0.65835494,0.5883068,0.009152356
0.6390711,0.49911422,-0.0074900654
0.55330795,0.47956294,-0.05586329
0.47765645,0.491466,-0.093572214
0.7071606,0.60461694,-0.095494814
0.67247117,0.5318397,-0.12033542
0.6005217,0.5061695,-0.16617846
0.52048314,0.5048995,-0.20575891
0.7018781,0.79719377,-9.655273E-5
0.5596206,0.76879734,0.04469062
0.43609223,0.72809315,0.039943393
0.34367502,0.6982706,-0.0035131085
0.2808268,0.6676318,-0.053139824
0.5122072,0.59557676,0.16506161
0.48870128,0.52511156,0.1561595
0.43890378,0.4959576,0.10590885
0.3824223,0.49005616,0.06264397
0.5651146,0.58823967,0.086300015
0.5433228,0.5054009,0.05589931
0.4753285,0.4855135,-0.024753261
0.40874243,0.4962507,-0.092044525
0.62054366,0.59396327,-0.0024534306
0.59942794,0.51205266,-0.027908448
0.52710074,0.49323,-0.08996693
0.4594633,0.5037051,-0.13993467
0.68234783,0.6100536,-0.097132646
0.64728475,0.54431975,-0.12985085
0.5864542,0.5188303,-0.18073735
0.5147218,0.5142999,-0.22728851
0.6026211,0.7956008,-1.3524188E-4
0.48441312,0.770785,0.088350154
0.39360005,0.7333834,0.10904566
0.3233702,0.7083177,0.0918115
0.2815634,0.6874564,0.07087272
0.46338746,0.63272625,0.1726694
0.44688186,0.57410544,0.17136815
0.39724723,0.5530393,0.14288597
0.3491033,0.55419356,0.117261484
0.4949561,0.62823975,0.089584514
0.48278737,0.5565153,0.07632834
0.41766584,0.5392874,0.030817723
0.36117038,0.5491847,-0.008290909
0.5269817,0.6341473,0.0020080185
0.5158677,0.5613088,-0.014656671
0.4458732,0.54795265,-0.050995708
0.3867661,0.56033075,-0.07463267
0.5589719,0.6482085,-0.083582625
0.53403294,0.5879442,-0.102268316
0.47706294,0.56855726,-0.13253489
0.4158669,0.56974804,-0.15739292
0.63433206,0.78301686,-1.2436356E-4
0.5229448,0.7571675,0.1259028
0.45506844,0.7202094,0.15358657
0.39125457,0.7008458,0.14343925
0.33519995,0.68187827,0.11790897
0.5404166,0.63654655,0.049842834
0.49052382,0.57542616,0.0035654455
0.41408825,0.56616944,-0.013829232
0.35427344,0.58007026,-0.012895074
0.56540966,0.64224756,-0.04356003
0.4979037,0.5690697,-0.09314566
0.39517528,0.5631963,-0.113138504
0.33029035,0.584404,-0.11755004
0.5757565,0.6607093,-0.13359976
0.51263386,0.5845652,-0.18496704
0.4126442,0.57758236,-0.20080261
0.34480038,0.59755087,-0.19930977
0.56216204,0.6887465,-0.20953968
0.50620365,0.63182515,-0.25043663
0.43626422,0.61392874,-0.2709054
0.3797434,0.61413246,-0.27881107
0.67013454,0.78950083,-1.3164725E-4
0.5474416,0.7780058,0.16321616
0.47563854,0.74952614,0.23542064
0.4144659,0.73243874,0.25740707
0.3587889,0.7133032,0.28618905
0.5417401,0.6503559,0.29086387
0.5127062,0.6053035,0.33854076
0.4630411,0.59298,0.35515216
0.42139316,0.59852,0.35547742
0.5511851,0.6413118,0.19390957
0.51746416,0.5766209,0.2411113
0.44606334,0.5665186,0.23268381
0.3938479,0.577267,0.2232321
0.55285114,0.6389663,0.096480966
0.5150937,0.5710391,0.131378
0.445513,0.5620155,0.1346505
0.39613107,0.57472867,0.13579819
0.54244447,0.6425331,0.0060464507
0.4975152,0.588562,0.037606314
0.44334418,0.5736435,0.046516757
0.39462525,0.5748953,0.05056552
0.6473791,0.81084126,-1.0875411E-4
0.5270339,0.80590796,0.09734382
0.4403974,0.78552926,0.13527483
0.3682819,0.7704401,0.13417898
0.31911296,0.7452955,0.13671218
0.48673755,0.6796484,0.2414354
0.45513287,0.6330552,0.2648395
0.4072945,0.6159288,0.24918377
0.36593926,0.62078625,0.23029026
0.5083724,0.6664966,0.16866212
0.47520453,0.60791874,0.18939008
0.41344136,0.5965784,0.15727603
0.3667873,0.6090862,0.12612052
0.53312314,0.6611395,0.08890366
0.50183326,0.60063183,0.10195487
0.43510774,0.59223384,0.085536055
0.38636446,0.6054904,0.071101084
0.5590436,0.66268975,0.009931833
0.5185902,0.61066574,0.007850159
0.4590481,0.59929925,-0.011763914
0.4022346,0.60635227,-0.029516038
0.68215734,0.7976383,-1.5699923E-4
0.5713984,0.7885677,0.14942844
0.49811652,0.7588485,0.20973909
0.43415573,0.74309206,0.22219437
0.38040164,0.7270369,0.23473005
0.5562982,0.65464634,0.26182476
0.52196443,0.6093006,0.29702514
0.46470258,0.59598637,0.29834795
0.41414928,0.6024178,0.2894105
0.56698525,0.64837295,0.16711697
0.52442133,0.5867356,0.20113485
0.44952387,0.5770709,0.18348643
0.39357576,0.58943874,0.16955799
0.5703572,0.6507827,0.07182205
0.52822554,0.5839005,0.09443998
0.4525188,0.5768245,0.0896757
0.39663887,0.5925427,0.0864051
0.56374204,0.660163,-0.015540794
0.5124155,0.6076392,0.0025053495
0.45519266,0.5933299,0.0036167775
0.40162352,0.5953623,0.0032571754
0.70136106,0.79000616,-1.356157E-4
0.5935933,0.77372575,0.1649969
0.5204854,0.7347169,0.22139773
0.45455506,0.71690804,0.23242266
0.3920705,0.70191824,0.23158744
0.59289926,0.6386187,0.17075723
0.5334734,0.581408,0.17518309
0.45777592,0.5745787,0.178597
0.4075975,0.5919182,0.18499689
0.6112108,0.63872015,0.067475006
0.533416,0.5641887,0.08337812
0.43384966,0.56189847,0.09277899
0.38093874,0.58626586,0.09810564
0.6135345,0.65034235,-0.03208727
0.5390204,0.5714995,-0.02784172
0.44429898,0.57016295,-0.017346868
0.38976717,0.5937945,-0.008791177
0.58902955,0.6712005,-0.11830649
0.5204276,0.61211693,-0.117539294
0.45361072,0.59835577,-0.10971702
0.4041001,0.60330045,-0.10424952
0.70847005,0.7992323,-1.2290328E-4
0.58064836,0.7830327,0.12802361
0.492166,0.74564695,0.1720452
0.42164928,0.72485644,0.17098786
0.36449322,0.7071671,0.16964072
0.54243606,0.64721704,0.17166615
0.51549345,0.58799386,0.16672014
0.45157933,0.5778192,0.15615433
0.39930755,0.58826137,0.14535767
0.56509876,0.64615476,0.07645781
0.5271953,0.5709245,0.07188619
0.44490638,0.56597537,0.05215609
0.39041156,0.58515775,0.038342167
0.58414596,0.6559083,-0.022129795
0.542132,0.57759696,-0.03676263
0.45968106,0.5718606,-0.046802815
0.40486497,0.5898475,-0.052745868
0.59169436,0.6745768,-0.11224916
0.54654473,0.6157869,-0.12196085
0.4845729,0.60032284,-0.13263549
0.43122113,0.6031307,-0.14148872
0.7092216,0.80090404,-1.2922114E-4
0.5853796,0.7841871,0.12384124
0.49618512,0.7474656,0.16581462
0.4255211,0.72620326,0.162708
0.36615294,0.7071233,0.15907009
0.5413424,0.649332,0.15490761
0.5158347,0.5878429,0.14185622
0.4519824,0.5766469,0.12766372
0.3990688,0.5880443,0.115337856
0.56573826,0.64831823,0.059042335
0.5302263,0.5712908,0.04494055
0.4467289,0.5646421,0.018054921
0.39020067,0.5849676,3.114796E-4
0.5873946,0.6584287,-0.039619494
0.5487075,0.57867205,-0.062147945
0.46417132,0.5715909,-0.07886268
0.40580976,0.5900966,-0.08729349
0.59932387,0.6778994,-0.12936275
0.5564498,0.61886466,-0.14501823
0.49274087,0.6018817,-0.16123785
0.43666983,0.60440034,-0.17148915
0.8595826,0.7965228,-8.4685315E-5
0.71784675,0.7810237,0.12346253
0.6117963,0.7440459,0.16669002
0.52758956,0.7193685,0.16598316
0.45950478,0.6956604,0.16356292
0.65482444,0.6428996,0.1994245
0.60133004,0.58495367,0.19720282
0.5326155,0.5810426,0.1794485
0.47972494,0.5975607,0.16271739
0.68325627,0.63498247,0.10332402
0.61590666,0.5613631,0.10096787
0.52786756,0.5649423,0.065783225
0.47260255,0.59113705,0.036084913
0.7128142,0.63870764,0.0017072615
0.64344656,0.5636023,-0.015305904
0.551203,0.5686001,-0.039231773
0.49135178,0.5952754,-0.06000009
0.7377553,0.6513085,-0.08976175
0.6657144,0.59629774,-0.09816614
0.5908153,0.589604,-0.11700947
0.5267974,0.59998167,-0.13233475
0.7844287,0.8097498,-1.2577324E-4
0.64890397,0.78867275,0.15886478
0.5564345,0.75382006,0.20473203
0.47519115,0.7343393,0.20118512
0.41049773,0.7119027,0.1941681
0.6324212,0.6461508,0.2033808
0.5681928,0.5880708,0.21114556
0.48816654,0.5891038,0.20996611
0.43785393,0.6126094,0.21003601
0.6525376,0.6428899,0.10109665
0.56269133,0.5672915,0.12254277
0.46092492,0.57711744,0.11882359
0.41188848,0.6069314,0.11294923
0.6622807,0.65072745,-0.0010847441
0.5711368,0.57146823,0.006719108
0.47008646,0.5801861,0.014593921
0.41831172,0.61038435,0.016243089
0.6473112,0.6677427,-0.091401264
0.5665006,0.6069307,-0.07397879
0.49175736,0.6010896,-0.05711534
0.43836907,0.6133559,-0.04835869
0.750993,0.80806446,-2.041057E-4
0.6281887,0.78569955,0.19491413
0.5466504,0.7490633,0.2566351
0.47228497,0.7320153,0.26725036
0.4003389,0.7152672,0.2637683
0.6357629,0.6425257,0.20883639
0.53626406,0.5890292,0.23361765
0.45185718,0.5916,0.24852519
0.40931612,0.6153794,0.2632083
0.65462136,0.63953257,0.0938242
0.52911615,0.5674512,0.12596962
0.4282444,0.58195066,0.14699516
0.38958648,0.61516994,0.16204038
0.65140575,0.6507604,-0.015132825
0.5347095,0.57409704,0.0016339713
0.43238544,0.5881088,0.028922306
0.38565305,0.61899585,0.049625292
0.6192131,0.6717246,-0.108027026
0.5193748,0.61121845,-0.09802489
0.44233912,0.6067554,-0.075806275
0.39078784,0.61985594,-0.054480758
0.7615581,0.81099945,-1.3431105E-4
0.6420444,0.7803467,0.17400338
0.5569546,0.7404646,0.21272302
0.47954273,0.7199241,0.20828363
0.3999989,0.69766676,0.18753685
0.6521351,0.64329153,0.08978374
0.5548487,0.5722657,0.06799864
0.45761156,0.56846124,0.07772011
0.39714426,0.5892962,0.09877848
0.67564934,0.64564866,-0.025186265
0.5555981,0.5595021,-0.051629614
0.4384635,0.5648339,-0.036079302
0.37920928,0.5946118,-0.010477827
0.6756615,0.6645642,-0.13075142
0.5659785,0.57629406,-0.16487265
0.45078316,0.58044887,-0.15046164
0.386554,0.6083138,-0.12167215
0.6469788,0.693956,-0.21875681
0.55364937,0.6255763,-0.24837467
0.47131076,0.61193573,-0.24395376
0.41184202,0.6183243,-0.22683361
0.8672155,0.81384337,-5.875271E-5
0.71964383,0.797163,0.13031943
0.6091803,0.76283234,0.16859406
0.52130014,0.7414906,0.15819648
0.4473268,0.7191733,0.14785115
0.6510199,0.64746386,0.23135374
0.5982968,0.5886701,0.24196899
0.52872384,0.57973677,0.23206156
0.474824,0.59223723,0.21657246
0.6726198,0.6417329,0.12781733
0.6072574,0.56532454,0.13492063
0.52191955,0.5622676,0.10751382
0.46345985,0.58077335,0.0839217
0.6948794,0.6465425,0.018328218
0.62807953,0.56649745,0.011404382
0.53939164,0.56286514,-0.0022345646
0.480346,0.58124596,-0.015298216
0.712133,0.659337,-0.08481776
0.64007324,0.59653723,-0.08563498
0.56597257,0.5836282,-0.09916147
0.5009788,0.58709556,-0.11268347
0.8539505,0.8140932,-5.648382E-5
0.7072657,0.79811764,0.13999175
0.5988625,0.7676754,0.18390238
0.5147602,0.75153184,0.17580454
0.44404146,0.7302546,0.1700869
0.63869387,0.650807,0.24177593
0.6055474,0.5864074,0.2523523
0.54125,0.5782839,0.24755807
0.4911865,0.59486943,0.23642112
0.66043293,0.64605165,0.13560367
0.61877435,0.5627155,0.14021859
0.5377705,0.56019664,0.11271443
0.48297137,0.58146936,0.08889086
0.6815495,0.65034354,0.024157256
0.6375913,0.56432736,0.016109126
0.55587727,0.56156445,0.004453742
0.5030081,0.5830394,-0.0064271437
0.69900596,0.66196996,-0.08107474
0.6451359,0.5927088,-0.08166022
0.5759232,0.58068204,-0.09395505
0.5170279,0.5884816,-0.10572596
0.8398042,0.81887877,-4.3889806E-5
0.6980594,0.8038931,0.1371685
0.5960483,0.7727403,0.18443717
0.51712376,0.75704765,0.18083373
0.44956824,0.7411016,0.17911786
0.6315694,0.65555865,0.24083713
0.6096687,0.59006375,0.26052296
0.5500167,0.5752559,0.25991076
0.4977426,0.58451706,0.24906437
0.65430504,0.650943,0.13605909
0.62604326,0.5674062,0.14667141
0.5503675,0.5559759,0.12108687
0.49199313,0.56914,0.09688204
0.6757498,0.65512806,0.025396507
0.64594346,0.56928885,0.022775723
0.56822324,0.5592075,0.009775917
0.51093084,0.57298934,-0.0017001149
0.69270426,0.66613483,-0.0805506
0.64896923,0.5953573,-0.083671354
0.58290184,0.57904065,-0.101057835
0.52176225,0.58079237,-0.116727024
0.8427165,0.81800467,-3.9736715E-5
0.7006686,0.80277544,0.13715877
0.59868777,0.7732398,0.18575075
0.51826257,0.7585111,0.1828434
0.44774842,0.74320555,0.18141899
0.63437253,0.65588033,0.24146654
0.61121976,0.5911375,0.2639207
0.5523606,0.57575107,0.26663777
0.5004621,0.5842122,0.25787935
0.65612155,0.6511273,0.1376899
0.6255667,0.56786716,0.15048127
0.55128723,0.55584186,0.12866703
0.49309886,0.5679784,0.106849626
0.6765162,0.65492123,0.028388586
0.6448658,0.56913334,0.02639745
0.5681595,0.5585848,0.0152175315
0.5107873,0.571264,0.0040088324
0.6920229,0.66535586,-0.07640992
0.64719254,0.59456116,-0.078745805
0.58166456,0.5785553,-0.095344484
0.5205786,0.5802203,-0.11047063
0.76056826,0.8645973,-4.7673333E-5
0.59724665,0.8459003,0.14436758
0.48151225,0.810642,0.19711342
0.38973972,0.7885704,0.19970144
0.3096376,0.76542807,0.20651378
0.5401985,0.6864487,0.2431586
0.509944,0.6113669,0.25503212
0.43852037,0.5989601,0.25155634
0.37933767,0.6111132,0.24135682
0.5639779,0.6798152,0.13750052
0.5220008,0.58400804,0.14723761
0.43197414,0.57465935,0.124013364
0.36761975,0.5938611,0.1040632
0.58764964,0.6841358,0.027363682
0.5458937,0.58747554,0.02518346
0.4518673,0.5793382,0.01413393
0.3862797,0.59764695,0.003822473
0.60678446,0.69637,-0.07438141
0.55405825,0.6219089,-0.07888641
0.47648403,0.6057226,-0.08956903
0.40928102,0.60950017,-0.09946469
0.7653016,0.8641784,1.8849003E-5
0.60549784,0.8435921,0.14180832
0.49117813,0.8090634,0.18887445
0.39827198,0.7892505,0.18416984
0.30828777,0.7678268,0.18506426
0.5450299,0.686082,0.23859239
0.5124103,0.6131046,0.24813011
0.4418847,0.6011982,0.24607289
0.3851841,0.61351794,0.2386074
0.5677478,0.6809626,0.13192573
0.52214634,0.5869638,0.13639477
0.43273908,0.5789478,0.112504765
0.3698583,0.59752095,0.0931657
0.58930933,0.6858214,0.020585863
0.54420143,0.59115005,0.016993891
0.45128953,0.5818299,0.0085327495
0.38654023,0.5977343,-7.548531E-4
0.60614085,0.6981666,-0.08357801
0.5528955,0.62479776,-0.086737394
0.47658038,0.60774755,-0.09669759
0.41096228,0.610215,-0.107441045
0.7682141,0.8531226,-1.7450515E-5
0.606077,0.8366067,0.15362155
0.49394345,0.8023169,0.20761876
0.40440515,0.7820353,0.20823205
0.33068842,0.75888455,0.21346335
0.55751514,0.67708147,0.23869215
0.5235441,0.60529196,0.24587739
0.4489468,0.5964448,0.24227013
0.3918361,0.61302674,0.2353986
0.5794779,0.67256874,0.13083881
0.5303715,0.57827294,0.13903739
0.43475252,0.5759032,0.11858723
0.37305826,0.60223854,0.10371734
0.5984122,0.67872375,0.02083656
0.54673374,0.5839223,0.019565796
0.44985604,0.5808209,0.014307688
0.3881504,0.60414374,0.00889093
0.60787135,0.69401276,-0.07871707
0.54827404,0.6224137,-0.0781968
0.47113234,0.6081199,-0.082440235
0.4096685,0.6143109,-0.087151125
0.78852993,0.85815465,-3.780229E-5
0.63796103,0.833993,0.19146372
0.5392348,0.7941109,0.25139093
0.45120984,0.7713382,0.25445956
0.37481987,0.7496073,0.24765025
0.62246734,0.67064315,0.23096819
0.55813926,0.59686273,0.24731229
0.46116754,0.5890289,0.25790408
0.39739543,0.6102189,0.26947653
0.64141184,0.66878307,0.11614904
0.55414325,0.5740373,0.14062478
0.43270048,0.5744753,0.14855932
0.36791113,0.6038438,0.1546354
0.6464994,0.68022615,0.0052713295
0.56114435,0.5813402,0.021609858
0.4433766,0.5805634,0.04192231
0.3763612,0.6073499,0.05402835
0.6231199,0.7014921,-0.09143321
0.54594326,0.6269456,-0.06475001
0.46275127,0.60963136,-0.040693793
0.40127984,0.61365926,-0.026084283
0.76970774,0.86059546,-4.599638E-5
0.6127924,0.84159356,0.13071713
0.4954695,0.80828357,0.1721702
0.40236697,0.7875201,0.16459635
0.3282582,0.76316595,0.15973601
0.5520448,0.6841634,0.22602484
0.5210173,0.6095447,0.23205435
0.44659597,0.5972109,0.22216211
0.38707632,0.6108283,0.20928052
0.5762405,0.6782579,0.12412532
0.53467965,0.58470845,0.12799224
0.44486958,0.57567453,0.09970183
0.38229746,0.5956888,0.076196454
0.6011609,0.682705,0.017706519
0.5601522,0.5883078,0.011309103
0.46736386,0.58016634,-0.0026695295
0.40358815,0.59943795,-0.014899325
0.62274075,0.695236,-0.0820265
0.57105595,0.62011606,-0.08819114
0.4956214,0.603332,-0.09995933
0.4307565,0.6073923,-0.11117818
0.76755154,0.8592949,-3.6581234E-5
0.6109901,0.83956397,0.12906325
0.49270287,0.8073267,0.16747269
0.4001819,0.7880416,0.15665238
0.32593358,0.76499385,0.1460866
0.5463224,0.6820039,0.23034479
0.5168963,0.6080236,0.23790577
0.44490662,0.5949181,0.22818649
0.3878727,0.6080339,0.21496597
0.5725398,0.67626905,0.12840396
0.53407335,0.5839868,0.13052917
0.44621682,0.5742736,0.09988586
0.3845939,0.5932052,0.072805144
0.59982175,0.68088126,0.020941596
0.5612078,0.5875286,0.013304956
0.47108543,0.57941854,-2.4327954E-4
0.40902346,0.59882826,-0.013494366
0.6250008,0.6936862,-0.0803652
0.5761534,0.6177819,-0.08698099
0.5017051,0.60145164,-0.099889085
0.43709376,0.6066779,-0.11289361
0.7642433,0.8583653,-2.3489607E-5
0.6107731,0.8389497,0.12375473
0.49169526,0.80679274,0.15720439
0.39870232,0.7875308,0.14229825
0.31868935,0.76524305,0.12548174
0.5434276,0.68120056,0.22020471
0.5148312,0.60847455,0.22615649
0.44369465,0.594722,0.21652116
0.3853457,0.60699725,0.2042645
0.5711842,0.6747656,0.11996517
0.5320314,0.5841214,0.118400924
0.44502974,0.57425153,0.08877169
0.38299733,0.5929599,0.06194274
0.60049963,0.67874724,0.014133057
0.5623812,0.5869162,0.005645769
0.4715131,0.5783573,-0.007730774
0.40732276,0.59687984,-0.02070536
0.6291025,0.6909299,-0.08599276
0.5806616,0.61660963,-0.09195236
0.5055265,0.6006497,-0.10661784
0.4389633,0.60590863,-0.12175226