0.9730272,0.4675384,0.27386326
1.0,0.28260234,0.5865852
0.91950876,0.15598887,0.6660036
0.79264337,0.065071136,0.7199391
0.67320085,0.0579477,0.75460804
0.83334595,0.068796314,0.17226043
0.54956806,0.0,0.42678753
0.5754318,0.060827743,0.6133483
0.660231,0.099970765,0.67280877
0.7147646,0.13069102,0.06256634
0.44105896,0.0839306,0.38554323
0.48998266,0.1432986,0.59353566
0.5785064,0.17530861,0.60934496
0.5937487,0.21031931,0.021335386
0.36300802,0.15703322,0.32218388
0.41508064,0.21362431,0.45984784
0.497489,0.24749611,0.4455253
0.48763475,0.28458542,0.0
0.2381849,0.19759327,0.06538086
0.10245144,0.16005619,0.07736072
0.0,0.121591695,0.032921534
0.99779254,0.42612186,0.5640159
1.0,0.25686184,0.7612714
0.8975707,0.1125923,0.7294383
0.7388556,0.003986859,0.693851
0.6012462,0.0,0.657825
0.8566152,0.09540705,0.22628231
0.5448997,0.024610452,0.3831265
0.5854155,0.08744097,0.59507006
0.6635602,0.12470711,0.7066626
0.77379227,0.1626969,0.13076957
0.45533895,0.10651359,0.34259912
0.5107235,0.16424564,0.6195934
0.59203285,0.19481511,0.6960625
0.68226796,0.24396579,0.07859564
0.395992,0.17583862,0.30727696
0.45218176,0.22016686,0.52308685
0.5387986,0.24920495,0.56822246
0.5879579,0.3198363,0.034703594
0.3086325,0.2564077,0.060165733
0.14148925,0.23570797,0.058263026
0.0,0.21312433,0.0
0.9561521,0.45330957,0.42915678
1.0,0.27404898,0.6522901
0.92883563,0.1314875,0.6753664
0.7995735,0.022285508,0.68547255
0.6778283,0.0076840576,0.68001235
0.8670238,0.08069708,0.179512
0.5872832,0.0,0.40200838
0.62406623,0.06271508,0.5998247
0.6999875,0.099816345,0.665012
0.74460334,0.14289887,0.10221693
0.48112556,0.083431125,0.40883446
0.54125226,0.13931012,0.6393666
0.61909795,0.17056866,0.66149515
0.6181146,0.2172012,0.08004946
0.39708897,0.15324612,0.38134676
0.45612168,0.20612702,0.52672404
0.5307955,0.24143232,0.500835
0.5051354,0.2830317,0.06974501
0.262796,0.17844951,0.111911446
0.11678048,0.13027155,0.08504429
0.0,0.0878635,0.0
0.95770967,0.51249826,0.6489618
1.0,0.32004982,0.9216604
0.9297806,0.1629455,0.9427101
0.80678374,0.047435798,0.93498045
0.6854817,0.029634409,0.9178675
0.9321246,0.09573059,0.3456385
0.6070994,0.0,0.5487419
0.63513064,0.07391366,0.76157683
0.7251978,0.11785358,0.8431782
0.81634337,0.16024919,0.22898167
0.48267716,0.085978754,0.5116928
0.52945346,0.15143023,0.76616865
0.62070197,0.18832563,0.804446
0.6778849,0.23720755,0.16848467
0.3874161,0.15692528,0.4562872
0.44023886,0.22073676,0.64059806
0.53109276,0.2640548,0.6490731
0.54080915,0.30823722,0.117827825
0.26933032,0.18536353,0.13804325
0.1164522,0.12299163,0.09324497
0.0,0.069134794,0.0
0.9576581,0.4653101,0.63272315
1.0,0.300293,0.81767285
0.9279665,0.14652085,0.79044116
0.8143855,0.023780681,0.75749135
0.6987878,0.0,0.7347086
0.9019818,0.12038054,0.2544364
0.5942655,0.028785704,0.4185674
0.6354508,0.09503039,0.64567274
0.71207047,0.13341199,0.7576544
0.801196,0.18679927,0.16304845
0.49082112,0.10721748,0.3829874
0.54881346,0.16703597,0.6596281
0.62792397,0.2021495,0.7301774
0.6877951,0.26231834,0.11534671
0.410111,0.17753801,0.3502524
0.46688756,0.22465385,0.5641845
0.5517764,0.26027793,0.60396355
0.575228,0.3290167,0.07307425
0.29730177,0.23561539,0.09030628
0.13436383,0.19510958,0.0733931
0.0,0.15988298,0.0
0.9610727,0.45970264,0.59071183
1.0,0.2858761,0.7807248
0.92073077,0.1277067,0.7469843
0.7772173,0.0057204277,0.71025443
0.63275164,0.0,0.6823806
0.8857613,0.10997023,0.21740253
0.57505715,0.023656238,0.38266125
0.609684,0.08791844,0.6073214
0.68857706,0.12392803,0.7194832
0.78695077,0.17754951,0.12523298
0.4705844,0.10199321,0.34849292
0.5209958,0.16184542,0.63160807
0.60161835,0.19865002,0.7111356
0.67578715,0.2563191,0.07973478
0.39094347,0.17202999,0.3232552
0.44231758,0.22027953,0.54211545
0.525544,0.25643733,0.5861605
0.56600875,0.3281446,0.04129891
0.289378,0.2387689,0.0636847
0.12982845,0.20303327,0.058908027
0.0,0.17075479,0.0
0.95244515,0.43342,0.47601566
1.0,0.2601813,0.7096235
0.9173502,0.122280434,0.7256707
0.7774147,0.021358937,0.7306458
0.65487355,0.014501631,0.72290593
0.872178,0.0728254,0.19560263
0.58424693,0.0,0.3966967
0.612363,0.064509645,0.5882491
0.68976235,0.10138798,0.6595357
0.7594414,0.13714017,0.10733825
0.47624874,0.08076267,0.38382322
0.5260929,0.13927941,0.6240765
0.6051979,0.17249458,0.65642625
0.6393926,0.21576755,0.07543323
0.39140323,0.15058742,0.35153916
0.44338447,0.20144327,0.5130863
0.5166012,0.23501506,0.5037409
0.5265359,0.28799242,0.056593496
0.27012137,0.19378175,0.088387124
0.12359597,0.15292493,0.07256337
0.0,0.11405585,0.0
0.906315,0.47851166,0.42357442
1.0,0.30332503,0.66037
0.9625113,0.1516191,0.6841534
0.8458489,0.03166628,0.7045411
0.7167,0.010001207,0.714797
0.87038314,0.095193624,0.16644265
0.60537934,0.0,0.4165126
0.63630015,0.0634341,0.64517254
0.71366024,0.10343467,0.7321041
0.727645,0.15373003,0.09184756
0.49058565,0.07219042,0.39724708
0.53380924,0.13235517,0.65559995
0.60414875,0.17031924,0.7018243
0.5866462,0.22601599,0.07581592
0.39173618,0.14080839,0.37085176
0.43607533,0.19772574,0.54772365
0.503094,0.23951446,0.54603803
0.4647534,0.29022574,0.076654
0.24334575,0.17776258,0.104018286
0.10427748,0.121465854,0.080847815
0.0,0.069245376,0.0
0.8863125,0.51390606,0.3086349
0.99349606,0.336705,0.46891516
1.0,0.16887707,0.4045667
0.8761685,0.030081447,0.33765426
0.67113936,0.003108024,0.2762805
0.82497513,0.1360614,0.071858704
0.59235483,0.0,0.26261362
0.618715,0.055358946,0.49730656
0.6909873,0.10860538,0.651053
0.6776229,0.19090524,0.012194438
0.47825855,0.063346006,0.26593128
0.52398276,0.117692806,0.5311205
0.59534377,0.164133,0.624191
0.54001987,0.25307512,0.0
0.3674787,0.12566476,0.24755038
0.41451368,0.16956566,0.4354653
0.4940701,0.21649283,0.4728926
0.4198152,0.30779156,0.005644328
0.21858308,0.18056376,0.083447896
0.08915908,0.11922804,0.12216271
0.0,0.069943726,0.097552985
0.91326636,0.49103662,0.43478212
1.0,0.31876865,0.5992822
0.9897845,0.15236732,0.5370897
0.85968536,0.021163823,0.4675074
0.66901755,0.0,0.40802673
0.85233814,0.14629032,0.116188966
0.5792856,0.0071061784,0.2918687
0.611588,0.061782356,0.5572462
0.69167787,0.112264715,0.72951263
0.71871185,0.2050638,0.043636575
0.47825596,0.072975256,0.26973075
0.5259151,0.13082828,0.5733735
0.5999214,0.17610091,0.6906683
0.5891687,0.2668853,0.01514796
0.3767551,0.13225429,0.24488096
0.4220622,0.17907073,0.47249275
0.5005772,0.22430742,0.5373448
0.4700701,0.31973875,0.0
0.24692068,0.1939229,0.03690755
0.10574459,0.13740408,0.055877365
0.0,0.09086743,0.019290155
0.9107948,0.5061033,0.6856998
1.0,0.33267513,0.9034544
0.9692272,0.16351108,0.86739564
0.8553023,0.024955928,0.81617624
0.7130282,0.0,0.7835145
0.9195439,0.15110551,0.32170528
0.596521,0.025241207,0.4933985
0.62066627,0.09666116,0.75407565
0.7049465,0.14233617,0.8953177
0.7990763,0.21333398,0.20492652
0.47705197,0.09437486,0.417609
0.5151639,0.1610675,0.7367832
0.5926674,0.20466761,0.8432221
0.66292435,0.2823344,0.13693357
0.38023376,0.15965575,0.37833086
0.42396548,0.21379739,0.6350991
0.5047464,0.25699684,0.7025673
0.5336005,0.3423281,0.07422061
0.27856237,0.21995473,0.078116305
0.12587312,0.1636826,0.070800364
0.0,0.11305508,0.0
0.92530334,0.49901342,0.54436564
1.0,0.32101795,0.78237516
0.9575011,0.16224846,0.79426694
0.8605645,0.03564449,0.79589725
0.74166256,0.0,0.8005215
0.92024016,0.10001775,0.23559482
0.604435,0.008620331,0.44614276
0.6300606,0.08257906,0.6549327
0.7136614,0.12903567,0.7320494
0.8033952,0.15896861,0.13747966
0.47695827,0.085903645,0.4139853
0.51381063,0.14967328,0.6663943
0.6001857,0.19108458,0.71608204
0.66698486,0.2343132,0.09169087
0.38644803,0.15530676,0.3718444
0.4228344,0.21623054,0.5531499
0.505898,0.2600311,0.56900454
0.5306332,0.3039909,0.053058837
0.27278152,0.1860726,0.09697519
0.11542995,0.1265873,0.07629745
0.0,0.0709358,0.0
0.92308915,0.49323666,0.26007068
1.0,0.3157695,0.46776485
0.97611874,0.15907657,0.4740739
0.8524454,0.030580536,0.47410062
0.68463045,0.0,0.47581604
0.8163449,0.10351643,0.09643423
0.5647423,0.014261897,0.350499
0.59926444,0.07223937,0.5591971
0.68151045,0.112032875,0.6513053
0.6837131,0.1613028,0.022568287
0.45790806,0.085792266,0.33116657
0.5042951,0.13938922,0.5435691
0.58695287,0.18112011,0.5845733
0.562284,0.23112905,0.003569827
0.3643199,0.15041015,0.2849089
0.402099,0.19908425,0.4267155
0.48218024,0.2411129,0.4198968
0.45663133,0.29530454,0.0
0.24080555,0.18834178,0.08787522
0.098539606,0.13859631,0.10771356
0.0,0.09872457,0.06556655
1.0,0.41072136,0.40108863
0.9929609,0.2328725,0.59044045
0.8901879,0.0956458,0.5735458
0.7112385,0.0,0.5496306
0.5580699,0.013480692,0.53424394
0.8059441,0.079724185,0.13731113
0.49895114,0.029931875,0.32979015
0.56296587,0.08470013,0.5361089
0.66031796,0.10702211,0.6272606
0.7115092,0.15490507,0.060182568
0.4270746,0.11266799,0.31293488
0.4945653,0.15984409,0.5526352
0.5786941,0.18341078,0.5976385
0.6164771,0.23785987,0.0305647
0.3605079,0.18423316,0.2827224
0.42881522,0.22610639,0.45020345
0.5185601,0.25198632,0.45734435
0.52870214,0.31016943,0.010990009
0.27779958,0.23610026,0.062521316
0.12686187,0.21169579,0.06123556
0.0,0.18984886,0.0
0.9800827,0.40842727,0.3769127
1.0,0.24051508,0.462007
0.9049284,0.097189404,0.390905
0.7166997,0.0,0.33764142
0.5356486,0.009495876,0.30942866
0.75596464,0.121223986,0.023232237
0.46096858,0.04522545,0.20448256
0.53503394,0.080889225,0.44287375
0.63160926,0.10193162,0.57675713
0.6681608,0.19840582,0.0
0.4057367,0.124381304,0.23419157
0.48734388,0.15854618,0.5048527
0.57086873,0.18011336,0.5819617
0.58892417,0.2755818,0.021074345
0.3598394,0.19851464,0.2526873
0.4379711,0.2253582,0.45292106
0.5268211,0.24727544,0.4908831
0.5175406,0.34016994,0.047249712
0.26946816,0.26958734,0.08733429
0.12099798,0.24564762,0.09615779
0.0,0.2258299,0.039844412
0.9843319,0.387055,0.30369133
1.0,0.21696678,0.53478694
0.89883345,0.090905294,0.5609989
0.73295915,0.008355874,0.57635087
0.59368795,0.01346231,0.6205882
0.73641074,0.07653224,0.14045662
0.41499978,0.0,0.30630788
0.4282864,0.04843408,0.53694236
0.50796056,0.08349454,0.6846922
0.65419817,0.14680366,0.053980578
0.32903937,0.066468626,0.22829472
0.35448742,0.1119097,0.51614314
0.4314258,0.14046845,0.66729665
0.58790636,0.22527592,0.016693968
0.29826015,0.13856915,0.18494001
0.32359838,0.1660257,0.4222994
0.39468586,0.18753493,0.5440895
0.536892,0.2983302,0.0
0.27833402,0.23048818,0.016055197
0.12156615,0.20650835,0.06311178
0.0,0.18078166,0.078338385
0.92087394,0.50212586,0.22011094
1.0,0.3233215,0.4479625
0.9675112,0.18212116,0.48218805
0.85135144,0.07048706,0.5007553
0.6963236,0.05361819,0.5515906
0.7887483,0.12950571,0.13821067
0.5299306,0.0,0.33376208
0.5176667,0.055142526,0.5832028
0.57207066,0.108703226,0.7424506
0.6655284,0.18303275,0.05461384
0.4070143,0.055443864,0.26255322
0.4046575,0.10640111,0.56170285
0.45960963,0.14896458,0.7236632
0.5578789,0.2501245,0.015911428
0.3255396,0.12308719,0.19903673
0.32724753,0.15122679,0.44930333
0.38264692,0.18057187,0.58873624
0.4731308,0.31961784,0.0
0.24418361,0.22095071,0.034208126
0.10168128,0.1784319,0.105093755
0.0,0.13874644,0.1486052
0.9853858,0.3845744,0.28897637
1.0,0.21942264,0.49503893
0.9042278,0.09441249,0.51650923
0.74858236,0.008393802,0.5317914
0.6105794,0.0,0.5748627
0.7471989,0.08408502,0.11923152
0.4338147,0.00619733,0.27436602
0.4324128,0.052188,0.5011634
0.5020284,0.087869145,0.64858043
0.6623518,0.1508086,0.040826134
0.34135476,0.068286195,0.20627685
0.35148025,0.10824266,0.49158105
0.4195529,0.13326208,0.6494207
0.5956205,0.22501343,0.011451601
0.310377,0.13830648,0.17006844
0.32822514,0.15936701,0.41855294
0.39418608,0.17539582,0.5548789
0.5453806,0.29596764,0.0
0.28451353,0.23806322,0.012157867
0.12447163,0.21965685,0.06750906
0.0,0.2004493,0.096537694
1.0,0.33307377,0.45658487
0.96964586,0.1708379,0.713639
0.82564265,0.064766645,0.7454278
0.64933175,0.0028809516,0.7638928
0.53443855,0.014040132,0.8042958
0.73341376,0.061284166,0.21785824
0.38046974,0.0,0.3658424
0.41793746,0.04922525,0.60087055
0.5076588,0.07707851,0.74105275
0.6728226,0.13129717,0.10233116
0.31622893,0.079707764,0.25537542
0.37480485,0.12450065,0.53898805
0.46765608,0.1428344,0.67313534
0.6218024,0.21232742,0.04050992
0.29837462,0.15767975,0.20171987
0.34662694,0.18187253,0.43801835
0.42587405,0.19220681,0.5361144
0.574942,0.28938273,0.0
0.29619437,0.26824287,0.0010222255
0.13908839,0.2752632,0.023829693
0.0,0.27163115,0.010647926
0.9151496,0.50402147,0.117548585
1.0,0.32599595,0.37917602
0.970154,0.19229148,0.45325997
0.87223,0.0851717,0.51046395
0.7412985,0.051579308,0.5976225
0.76260245,0.11958583,0.13510796
0.5184962,0.0,0.3566394
0.50806826,0.05504425,0.5942511
0.5622828,0.10950066,0.7365139
0.63726115,0.17251074,0.04877997
0.39708465,0.053973727,0.2839843
0.40035883,0.10620471,0.55727875
0.45449516,0.14893213,0.69809943
0.5302127,0.24356145,0.009522516
0.31826228,0.122596234,0.20683087
0.32710955,0.14980273,0.44442755
0.3829229,0.18019752,0.5758968
0.45083326,0.3180125,0.0
0.22978301,0.22282374,0.045530565
0.09575087,0.17647587,0.12425872
0.0,0.1332985,0.17298055
1.0,0.40934828,0.35865304
0.9581918,0.246643,0.7120176
0.8561343,0.14363843,0.79872185
0.73272634,0.08348306,0.83835346
0.6242414,0.08018366,0.8598129
0.8233856,0.05561962,0.3275217
0.5558678,0.0,0.5642615
0.5918447,0.061566252,0.73960966
0.6754366,0.09645285,0.7748446
0.72337645,0.111360766,0.18259493
0.45914707,0.066823006,0.46075144
0.51969224,0.12335894,0.66308755
0.6111661,0.15594457,0.6915537
0.6216932,0.18141676,0.09059344
0.39258435,0.1338247,0.37367508
0.46206698,0.18032986,0.5271432
0.55246276,0.20986445,0.5322796
0.52720803,0.24486937,0.01788858
0.27049682,0.16681401,0.07285249
0.121217154,0.12028193,0.057601597
0.0,0.07940241,0.0
1.0,0.31071118,0.17136674
0.94164544,0.16214038,0.48569438
0.81578594,0.08299331,0.5929428
0.6728963,0.050989266,0.66864693
0.569157,0.071132384,0.7283455
0.70343375,0.021861073,0.21059118
0.45851862,0.0,0.44920608
0.50239044,0.047941174,0.61271596
0.5858125,0.07080127,0.66283226
0.624268,0.084920496,0.100309715
0.4097676,0.069454715,0.38626772
0.4705697,0.11066363,0.55156976
0.55587256,0.1297724,0.57262915
0.559383,0.16186677,0.041502394
0.36808267,0.13850707,0.2960264
0.43259424,0.17107816,0.4157627
0.52033734,0.18717453,0.41730607
0.50501746,0.23532405,0.0
0.2659449,0.20492856,0.07153593
0.11768853,0.19246699,0.080597565
0.0,0.17814666,0.04944817
1.0,0.38412714,0.16845329
0.99383193,0.21403757,0.4871751
0.88558835,0.11264571,0.5908887
0.7270085,0.068037376,0.68136805
0.6297794,0.09042338,0.7547877
0.7351896,0.033711903,0.16441755
0.49398798,0.0,0.43572238
0.5530319,0.05201255,0.57810503
0.6462529,0.07617336,0.59204274
0.6357142,0.10009247,0.06268908
0.4169604,0.07216991,0.39034557
0.48494872,0.12108365,0.5521212
0.56736165,0.14639823,0.5329341
0.55017173,0.1786384,0.019176142
0.36151507,0.14436217,0.31967828
0.44115412,0.18412311,0.42865056
0.52828914,0.20540783,0.3952266
0.48346144,0.25104123,0.0
0.24943285,0.18991005,0.082983956
0.11410669,0.16019998,0.105209
0.0,0.13216428,0.062188838
0.98031145,0.4208151,0.11318394
1.0,0.25182754,0.45408678
0.9136841,0.13915339,0.58376753
0.7740244,0.079346694,0.689054
0.65623426,0.08250139,0.7753461
0.7770926,0.04113031,0.19628054
0.5678497,0.0,0.4760297
0.6083534,0.056296546,0.61014533
0.6865928,0.08893128,0.6251959
0.65560585,0.10106345,0.085738555
0.46105987,0.068484694,0.4416465
0.51670617,0.12403124,0.59377044
0.59336984,0.1553046,0.57403547
0.54591906,0.17815842,0.029572042
0.3713361,0.14103343,0.36196923
0.4380182,0.19325085,0.46176016
0.517494,0.22478345,0.41805673
0.45583832,0.25284252,0.0
0.22961381,0.16936232,0.10374565
0.10104424,0.12353245,0.13780308
0.0,0.079196334,0.103485614
1.0,0.38498062,0.4641043
0.9936805,0.24074227,0.7703166
0.8874601,0.13560401,0.8381004
0.74199104,0.074606195,0.873046
0.6317315,0.0798584,0.8951666
0.8495612,0.053801198,0.33165607
0.57698876,0.0,0.53991586
0.6079025,0.058488153,0.69661003
0.6922701,0.08984848,0.7361002
0.75452983,0.109123,0.20702067
0.48422438,0.065869495,0.46631885
0.53948003,0.12228719,0.66609794
0.62268335,0.148204,0.6889519
0.65347755,0.1771923,0.13382682
0.41242808,0.13298553,0.39965463
0.4819961,0.1810798,0.56891435
0.57075167,0.20791501,0.5732818
0.5592921,0.24127185,0.07739776
0.29076418,0.16593173,0.096166305
0.13189808,0.13274185,0.070351034
0.0,0.103137404,0.0
1.0,0.35408163,0.5615894
0.963847,0.21120517,0.85148287
0.84285104,0.11663248,0.8966622
0.69249886,0.06434417,0.90553784
0.59442586,0.07335621,0.91309243
0.8114069,0.037148535,0.3875074
0.5158603,0.0,0.5691547
0.5592346,0.060206767,0.7302713
0.64864415,0.08839332,0.77310735
0.74168706,0.09613075,0.25611737
0.44188544,0.072618484,0.47783002
0.5009313,0.12606902,0.68245286
0.58710665,0.14792883,0.71029705
0.6598432,0.16944358,0.17579815
0.39293364,0.14025737,0.41603258
0.46187925,0.18300173,0.59317166
0.55080926,0.20450653,0.6081206
0.57749695,0.23845755,0.10802302
0.2958946,0.17903867,0.10898447
0.13576204,0.15372415,0.075074635
0.0,0.13119648,0.0
1.0,0.29274353,0.60233104
0.91846806,0.16239811,0.84935504
0.76158375,0.07941017,0.8656619
0.58926743,0.04397589,0.8512887
0.5001213,0.069749475,0.8378359
0.7462136,0.018005747,0.37836283
0.43818372,0.0,0.50609976
0.48437575,0.051947515,0.6549502
0.56975317,0.07273985,0.7059352
0.70872205,0.07988555,0.25877464
0.38723522,0.08232479,0.44058695
0.45190695,0.12849973,0.65266985
0.5417344,0.13831086,0.69746107
0.65585536,0.1556716,0.1827606
0.36065114,0.14711873,0.39291555
0.42843616,0.18424031,0.5761109
0.52363497,0.1954113,0.6007504
0.5948157,0.22785936,0.11703228
0.30273792,0.20163885,0.10951822
0.13769121,0.19678551,0.07411713
0.0,0.19215195,0.0
1.0,0.3902273,0.7052327
0.9875061,0.23372835,0.91996324
0.86887574,0.11260954,0.91866654
0.697096,0.042822335,0.8975076
0.5769172,0.06245799,0.8717197
0.8591656,0.08116732,0.3957692
0.570262,0.0,0.5539694
0.61358225,0.058188424,0.7398215
0.69862735,0.08994185,0.80137265
0.7667401,0.14528452,0.30124846
0.48823628,0.072482936,0.5053368
0.54619586,0.122864574,0.73780704
0.6247712,0.1491733,0.7821383
0.6651176,0.2166129,0.2535641
0.4205522,0.14239468,0.5016693
0.49547642,0.18247628,0.7031179
0.58632195,0.21009928,0.7271195
0.57014424,0.2814217,0.21741897
0.30891824,0.20582294,0.17657107
0.14212975,0.1702726,0.10498366
0.0,0.13954653,0.0
0.9403122,0.43431,0.5068044
1.0,0.25700605,0.6835186
0.94877046,0.10612106,0.66957545
0.8068912,1.3865238E-7,0.65024847
0.6681423,0.0,0.63544124
0.8225208,0.11075136,0.18554777
0.5788039,0.002663235,0.3758835
0.6290264,0.05727189,0.6045309
0.7083077,0.099454656,0.6997486
0.6951063,0.1766699,0.12336914
0.47687456,0.072234005,0.37083367
0.5401563,0.124608696,0.6474563
0.6039855,0.16272451,0.717669
0.5765278,0.24256708,0.10567111
0.38227576,0.13873848,0.3724232
0.44784704,0.18399379,0.58180445
0.5199435,0.22594154,0.6021885
0.4722691,0.29706925,0.097619906
0.24675527,0.1855123,0.10820619
0.10838637,0.123697475,0.08298806
0.0,0.07136133,0.0
0.9579851,0.4482735,0.32222185
1.0,0.2778632,0.4683511
0.93418676,0.12385049,0.4072172
0.7713614,0.006630723,0.34661028
0.5852934,0.0,0.28997666
0.78110325,0.11674409,0.06923265
0.5065743,0.014422663,0.2501514
0.5549204,0.06696944,0.47604668
0.6447802,0.108158104,0.6219484
0.6661629,0.18343866,0.012796524
0.4213358,0.087728836,0.25301483
0.48400256,0.13768186,0.51968914
0.5592276,0.17321499,0.6080322
0.56342465,0.2547318,0.0011556798
0.346852,0.15952547,0.23386721
0.41570342,0.19784445,0.43067545
0.5069569,0.23243903,0.47058642
0.47284147,0.31909183,0.0
0.24786925,0.22599407,0.05855021
0.10811123,0.18520316,0.08556256
0.0,0.15125853,0.04374329
1.0,0.37750402,0.5465614
0.960238,0.21779262,0.75977516
0.83383346,0.09198141,0.7409155
0.6674809,0.0,0.70840657
0.5461678,0.0062782327,0.6843322
0.7867239,0.0812287,0.26154703
0.45982257,0.03760722,0.43156892
0.5196319,0.09211804,0.63717604
0.6089317,0.11578644,0.7345716
0.72344005,0.14988908,0.16264683
0.4042851,0.113476805,0.37324023
0.47129303,0.15890229,0.63167524
0.5535867,0.17800876,0.7056559
0.65401924,0.23124984,0.10783988
0.36582655,0.18769321,0.34044883
0.43693855,0.22130786,0.55449885
0.5312372,0.23770612,0.6048175
0.5844234,0.30615678,0.06583092
0.3079259,0.26245293,0.07463056
0.14137246,0.2489126,0.061270546
0.0,0.2324062,0.0
0.98430914,0.44209835,0.3922843
1.0,0.27042395,0.69664824
0.91124845,0.1347246,0.74582005
0.80179703,0.028166734,0.7737926
0.70731217,0.0,0.79379356
0.85316014,0.06247926,0.21975131
0.53880084,0.00974532,0.45965272
0.5777257,0.07996264,0.6581922
0.665219,0.11409767,0.72640467
0.7508628,0.12375331,0.09971586
0.4392357,0.086751886,0.39147848
0.4884188,0.1478881,0.6331587
0.5725568,0.17608596,0.6803601
0.63541543,0.20611332,0.04010037
0.36227596,0.15876864,0.33468908
0.4189056,0.21043082,0.513721
0.50342906,0.23843695,0.5246256
0.5241231,0.28378955,0.0
0.25594667,0.19508976,0.064232185
0.11142953,0.15532479,0.08186043
0.0,0.112409875,0.028484035
0.7740991,0.41806284,0.81073374
0.7772953,0.31516925,0.97594625
0.6950258,0.18901584,0.99941546
0.5866434,0.07351547,0.99199927
0.551468,0.0,1.0
0.80520535,0.10784923,0.52307695
0.46590918,0.087530755,0.5555309
0.47452796,0.14828771,0.74478114
0.5487413,0.16211668,0.85458
0.75701374,0.17339025,0.40775058
0.38725105,0.16048212,0.47358513
0.42669648,0.21533503,0.6772163
0.5056714,0.23134144,0.77262396
0.679384,0.24630953,0.3202135
0.3479221,0.23059653,0.4382984
0.41213727,0.2827643,0.6479739
0.5143599,0.301571,0.75241256
0.5885683,0.32186136,0.23051001
0.31768814,0.2744438,0.14072871
0.15101697,0.25106344,0.0673149
0.0,0.22193155,0.0
0.75174886,0.4226897,0.78862774
0.8301761,0.33605632,0.96814
0.7831852,0.20283058,0.98850715
0.67756236,0.07787515,0.9886845
0.6462137,0.0,1.0
0.838807,0.13014665,0.5029124
0.51138747,0.073685534,0.59506994
0.51724136,0.13173874,0.810188
0.58683014,0.15270011,0.92885387
0.74546826,0.18871644,0.39848164
0.40899774,0.14221007,0.5029167
0.44364953,0.20683488,0.71297616
0.516525,0.22914258,0.7970978
0.632415,0.25803107,0.32720238
0.34027484,0.2104173,0.48611
0.38997436,0.2748727,0.7026341
0.46806312,0.29919755,0.7916125
0.5115462,0.32533577,0.2570445
0.26137283,0.2464458,0.16563417
0.12349564,0.20872986,0.08330026
0.0,0.16373672,0.0
0.6938118,0.36265063,0.89462966
0.703749,0.27079007,1.0
0.6223937,0.1614111,0.98799264
0.49874425,0.06287305,0.9738903
0.4516831,0.0,0.9850489
0.7030263,0.114761755,0.49419376
0.38582832,0.093699075,0.5242849
0.41107953,0.14283274,0.74429315
0.4801534,0.14792435,0.8798901
0.6562017,0.18168151,0.40733773
0.312372,0.16524497,0.43569434
0.36785096,0.2174414,0.6535004
0.45388356,0.22763842,0.77224433
0.5884768,0.253864,0.34669253
0.28232884,0.23834383,0.41871327
0.34546107,0.28258434,0.6363629
0.4333231,0.29030293,0.7541084
0.5096544,0.3257499,0.28647068
0.24915135,0.28996915,0.16470943
0.11589987,0.27554947,0.08029436
0.0,0.24929626,0.0
0.750291,0.43344277,0.8219228
0.8408163,0.34274477,0.9266152
0.8283587,0.21018836,0.93788695
0.75980926,0.07341183,0.9497402
0.75072396,0.0,1.0
0.88496035,0.16712466,0.46755487
0.5806708,0.08971522,0.54890084
0.59744555,0.14478149,0.79845977
0.6747908,0.16437131,0.9408122
0.7718112,0.21681583,0.39481804
0.44647366,0.14812371,0.4625265
0.49310488,0.21034507,0.6790939
0.5711865,0.2368118,0.78635764
0.6404447,0.2774901,0.34772655
0.3532697,0.21650514,0.4567944
0.41087157,0.28023756,0.69140947
0.49851274,0.3100986,0.81937534
0.50623745,0.34073213,0.30006927
0.25535002,0.258021,0.2000418
0.11159418,0.21852535,0.09217017
0.0,0.17233777,0.0
0.7339527,0.41007322,0.8660758
0.7945074,0.3162865,1.0
0.74170244,0.19149232,0.9847829
0.641285,0.07526048,0.9574756
0.60283154,0.0,0.9348044
0.78864974,0.15604416,0.4668149
0.5108832,0.07789305,0.5031057
0.5109612,0.12756395,0.71281797
0.5667895,0.1504672,0.8428418
0.69680184,0.22240107,0.37579024
0.38905576,0.15627915,0.4308425
0.4275946,0.2145771,0.66592026
0.50397605,0.23760322,0.7777893
0.59323543,0.29471105,0.30568853
0.32153922,0.23338337,0.43176323
0.37991956,0.28719702,0.67874044
0.46468097,0.31372172,0.78977793
0.4863714,0.3622994,0.23428732
0.23777504,0.288232,0.14800104
0.10920373,0.25526547,0.07713738
0.0,0.21914738,0.0
0.6862203,0.3952348,0.80328715
0.7146434,0.30123743,0.94440615
0.65004104,0.18011828,0.9618741
0.55336267,0.070218295,0.9675599
0.52651876,0.0,1.0
0.74174815,0.124493845,0.47380126
0.43047863,0.08117123,0.5092783
0.4404439,0.13460813,0.7075196
0.5114208,0.14953132,0.82925045
0.68832636,0.18599257,0.37117967
0.3420834,0.14788435,0.4162952
0.37908506,0.20103998,0.6244898
0.457641,0.21544686,0.7316831
0.60272205,0.253985,0.29750952
0.29140422,0.21101218,0.3827385
0.34836787,0.2612075,0.5986407
0.43426797,0.27899218,0.7193668
0.49968222,0.32048243,0.2225877
0.25321522,0.25683764,0.13145603
0.11923472,0.2259005,0.066981435
0.0,0.18784553,0.0
1.0,0.3231598,0.62902474
0.9781226,0.17207873,0.81093305
0.8506616,0.06105807,0.79230154
0.6644226,0.0,0.76486754
0.5482377,0.01902837,0.737
0.8137259,0.04677019,0.31623414
0.50766695,0.0034812961,0.45864466
0.55832195,0.051430505,0.6537713
0.64601195,0.0722655,0.7366104
0.7331227,0.115701884,0.23952691
0.43974355,0.07594189,0.4306317
0.50410324,0.117214724,0.6796465
0.5854235,0.13610527,0.74038506
0.64661074,0.19237992,0.20211898
0.3852366,0.14508581,0.42487997
0.46062437,0.17802691,0.6241303
0.5472049,0.1985736,0.6491613
0.56496656,0.26079097,0.17462952
0.30063158,0.21154155,0.14776543
0.13730913,0.18882196,0.09831532
0.0,0.16863458,0.0
0.9760883,0.39754105,0.33203256
1.0,0.22283138,0.3928831
0.91178113,0.09308427,0.36759612
0.7432612,0.012104096,0.37697974
0.5993371,0.0,0.41115436
0.68680716,0.13869753,0.0
0.47396213,0.056040067,0.20464799
0.5405146,0.080660716,0.4208432
0.619688,0.11307701,0.51148003
0.5926088,0.2178131,0.02202905
0.4079544,0.124442644,0.26714468
0.49341756,0.14454727,0.52414477
0.5663838,0.16997567,0.5971207
0.5209502,0.2917143,0.086925186
0.3549973,0.19249842,0.32655397
0.44073048,0.2029118,0.51886624
0.5147766,0.22736886,0.5559184
0.4648669,0.3505781,0.16158883
0.24698739,0.27994803,0.18283892
0.11395143,0.2372815,0.19012748
0.0,0.19941185,0.14165774
0.9888426,0.39428467,0.5787111
1.0,0.23170795,0.5494629
0.89567405,0.08775326,0.43611777
0.6947279,0.0,0.37197745
0.5224019,0.018472582,0.35002467
0.75323117,0.17824164,0.0
0.47105005,0.06763711,0.1340945
0.54219973,0.079378255,0.42234668
0.6294845,0.111523665,0.5972408
0.6691764,0.25781366,0.04282948
0.41142,0.1428555,0.20970252
0.5117773,0.1511374,0.54596937
0.59596974,0.17441589,0.67196095
0.5896614,0.32444176,0.11411787
0.35570735,0.20826674,0.29812735
0.46071526,0.2082428,0.5621569
0.55345315,0.23076928,0.6502025
0.5186352,0.3748475,0.18756168
0.26691473,0.3029362,0.16550313
0.12087314,0.26868302,0.15759689
0.0,0.24539647,0.09652492
1.0,0.3779345,0.69276595
0.9565405,0.21533479,0.8393533
0.80905277,0.08108424,0.78059846
0.6151908,0.0,0.70856625
0.5139716,0.01827862,0.65451634
0.79128134,0.10251071,0.3000446
0.43763384,0.047024176,0.41243258
0.5074365,0.092444584,0.6587433
0.6003545,0.112400085,0.805899
0.7231103,0.18613398,0.2256972
0.38257822,0.13326232,0.38491094
0.46593642,0.16608775,0.6897353
0.55088866,0.18036191,0.8080247
0.64250535,0.27178386,0.1836625
0.33627093,0.21131472,0.3909203
0.42209724,0.23643367,0.61723703
0.5168028,0.25582933,0.66914374
0.56423974,0.34466705,0.15369667
0.28552583,0.28621536,0.1295325
0.12787654,0.2551427,0.09286595
0.0,0.22329238,0.0
0.9714882,0.29090863,0.8493137
0.92457664,0.1634153,1.0
0.7119728,0.052721135,0.9527201
0.4699387,0.0,0.8944701
0.3459806,0.018607842,0.8451684
0.7491505,0.040852755,0.4451034
0.37935188,0.04238064,0.52114093
0.44438797,0.08901936,0.73651826
0.54350024,0.097058155,0.86854005
0.7254927,0.12313906,0.3341919
0.32967696,0.12372882,0.43130103
0.40903684,0.16332805,0.72232807
0.5034026,0.1731974,0.84948754
0.687977,0.215446,0.25670958
0.31459716,0.20717885,0.40726507
0.3865957,0.23447226,0.6472332
0.47839752,0.24489695,0.7341363
0.64358026,0.3035143,0.17946881
0.3341758,0.29324108,0.13153702
0.154826,0.2882828,0.084892
0.0,0.28133413,0.0
0.7379073,0.3702995,0.92551875
0.70482594,0.27389807,1.0
0.59434813,0.1666454,0.96668565
0.4680073,0.06776328,0.942761
0.4415299,0.0,0.9392872
0.725225,0.12321858,0.48512018
0.3834934,0.10424468,0.47206637
0.40274915,0.1484984,0.6694223
0.47436008,0.15567814,0.8020724
0.70893145,0.19802882,0.3945033
0.3173636,0.18328322,0.37644753
0.37005025,0.23128001,0.6266627
0.4540873,0.23731112,0.7807054
0.6538866,0.2816624,0.3263044
0.28794906,0.25689808,0.3533589
0.35179344,0.2941636,0.6184722
0.4463532,0.2986149,0.781922
0.5759572,0.36508533,0.24692264
0.27117714,0.33269733,0.124200076
0.120023124,0.3198767,0.059726417
0.0,0.29941916,0.0
0.7398042,0.40019488,0.9198235
0.74122936,0.28504845,1.0
0.6531302,0.17169483,0.94311607
0.54696494,0.07723652,0.89012367
0.50749046,0.0,0.84535366
0.7492904,0.16734433,0.40980396
0.43911085,0.10196719,0.37991378
0.4606165,0.13654378,0.57930654
0.5335238,0.15647194,0.72998905
0.69752324,0.24788761,0.3252349
0.33586496,0.18792766,0.2902653
0.38544846,0.22701819,0.56367666
0.46566552,0.24308163,0.74019146
0.6176804,0.33452934,0.26362443
0.28769445,0.27131146,0.2960495
0.34142652,0.30459636,0.5967296
0.4256112,0.3256288,0.7826259
0.52700484,0.4146146,0.19324772
0.2514302,0.35910583,0.076322675
0.11171069,0.32848018,0.03527105
0.0,0.305013,0.0
0.74582666,0.4070348,0.91773003
0.77557063,0.28900036,1.0
0.7044031,0.17045489,0.92077255
0.58790874,0.07059864,0.84759504
0.5305667,0.0,0.7749482
0.792714,0.1786627,0.3722697
0.49580905,0.093000285,0.3207607
0.48016787,0.11389363,0.50415546
0.52658254,0.13634813,0.6613067
0.7210318,0.25407413,0.29099154
0.36994228,0.16476192,0.2682147
0.39078575,0.20139179,0.5679198
0.4579022,0.22186519,0.7598959
0.6236761,0.3352089,0.23248205
0.2956325,0.24382162,0.2801104
0.3353852,0.27531043,0.6007598
0.41248947,0.30010927,0.79571384
0.51847965,0.40941638,0.16199899
0.23967957,0.3373816,0.06455273
0.10339498,0.30094698,0.034658432
0.0,0.2774638,0.0
0.96071434,0.36724168,0.8134177
0.9640481,0.2386116,1.0
0.83328336,0.10468834,0.9398118
0.649399,0.028229255,0.8557171
0.5432054,0.035896737,0.7665547
0.89790004,0.06547795,0.3943661
0.54610217,0.0,0.45837215
0.5512525,0.059995886,0.64940935
0.6315365,0.09015355,0.76200855
0.8498529,0.1398259,0.2538429
0.44606328,0.08068567,0.34598458
0.49035174,0.14236692,0.6493609
0.5876962,0.16517366,0.7926827
0.7688761,0.2244694,0.15453736
0.388233,0.15715902,0.3276428
0.44029874,0.20302331,0.6060679
0.54410565,0.22844416,0.7143774
0.6736932,0.30176938,0.054764282
0.33477443,0.23989801,0.05333282
0.14859536,0.21177454,0.05028968
0.0,0.18569781,0.0
0.99437135,0.4686951,0.58778834
1.0,0.27986714,0.8783075
0.876636,0.14005513,0.9194252
0.7053002,0.05596492,0.9311025
0.5804392,0.064628184,0.940157
0.8561361,0.06809068,0.31707284
0.5511926,0.0,0.52987194
0.60336983,0.06907944,0.7240387
0.7008624,0.098201744,0.77254564
0.75742096,0.14660552,0.19062369
0.44147828,0.084550254,0.4503101
0.50642717,0.14801148,0.7040686
0.6007904,0.17425334,0.73436385
0.6509664,0.23390467,0.12532775
0.37560645,0.17063527,0.41589782
0.45521814,0.21734299,0.62899643
0.55541754,0.24287507,0.64601606
0.55469507,0.3108744,0.076956496
0.2829977,0.23019798,0.090109214
0.12933889,0.19306897,0.07458223
0.0,0.15736295,0.0
1.0,0.38575897,0.19205877
0.9971523,0.22517577,0.5087682
0.89927137,0.1320987,0.61906123
0.76463836,0.07945644,0.69920295
0.66054547,0.08317581,0.7468367
0.8086069,0.03503959,0.2097184
0.5801424,0.0,0.4639121
0.61889356,0.055112723,0.60157055
0.6946169,0.08451628,0.6124392
0.7003063,0.08988878,0.09778956
0.49995494,0.06943095,0.4286502
0.5614837,0.119528495,0.58013785
0.6380106,0.14555584,0.5576006
0.600431,0.1614966,0.039430942
0.4245858,0.13497189,0.34290266
0.4955431,0.1814823,0.43724182
0.57784104,0.20939079,0.38484374
0.51906216,0.22874352,0.0
0.27422172,0.16238411,0.08510237
0.123143494,0.13110936,0.08772934
0.0,0.105571315,0.034602325
1.0,0.33336,0.31125125
0.91468924,0.18497293,0.6630561
0.7857789,0.09795385,0.7643223
0.6501308,0.052624118,0.8129032
0.55603904,0.062546,0.8368797
0.7098725,0.0,0.34822908
0.43953824,0.011325596,0.5631308
0.498525,0.064421415,0.6740174
0.5822914,0.08107924,0.67888975
0.6640288,0.05247083,0.19167385
0.39915594,0.084485814,0.4731237
0.46929944,0.1284178,0.61253387
0.551345,0.14076144,0.59365875
0.61294407,0.12594207,0.08526413
0.36676,0.14583679,0.33686537
0.44719934,0.18886653,0.43397045
0.5375487,0.20394793,0.40192565
0.5581314,0.1978653,0.0
0.2803264,0.16857225,0.0821875
0.12904947,0.16462894,0.10566369
0.0,0.16004454,0.0702065
1.0,0.3386095,0.60490763
0.95464265,0.19006231,0.81914866
0.7999581,0.09804579,0.82822925
0.5969233,0.054690197,0.8190313
0.47983664,0.089300305,0.8051364
0.7877798,0.05512494,0.3274153
0.4893248,0.0,0.47974285
0.5579058,0.049367364,0.6598838
0.64054555,0.07044548,0.723901
0.7271705,0.12102805,0.23057333
0.43386686,0.08089021,0.42423797
0.5127923,0.12057504,0.6385068
0.59123415,0.13649754,0.67352587
0.6583143,0.19647644,0.18056531
0.39105657,0.15193059,0.40092173
0.47944626,0.17557655,0.57209086
0.57440555,0.18981391,0.5806795
0.58797836,0.26462382,0.14402814
0.314264,0.22579658,0.12330605
0.1500922,0.22100814,0.07949498
0.0,0.22185405,0.0
1.0,0.38665584,0.5651308
0.95309687,0.22386128,0.86719733
0.82671803,0.120055616,0.92185235
0.6733042,0.06125617,0.93613064
0.56544036,0.06825688,0.93847495
0.7988501,0.047440223,0.39233026
0.51437634,0.0,0.5884179
0.57034975,0.06100321,0.7529176
0.66240317,0.0865005,0.7891904
0.7302944,0.1127244,0.2569937
0.44535786,0.073396444,0.49060732
0.51486105,0.12929437,0.7085194
0.5997111,0.15164502,0.7395734
0.6500073,0.18944353,0.17151411
0.39758977,0.14473958,0.422382
0.4790828,0.18518631,0.60589266
0.57080853,0.205206,0.6226447
0.5712059,0.25932914,0.10474157
0.30213282,0.19642971,0.10497295
0.14136033,0.17086223,0.07402687
0.0,0.14956237,0.0
1.0,0.3380469,0.61903524
0.9494904,0.19077429,0.830654
0.79321086,0.097946316,0.84149796
0.5969953,0.058632813,0.8309983
0.48287246,0.09528465,0.82203364
0.77785707,0.055353597,0.3541663
0.47913796,0.0,0.49081907
0.53586745,0.051255792,0.6547533
0.61940765,0.07595772,0.71033716
0.72074485,0.121828705,0.25142354
0.4281826,0.08109562,0.44412175
0.49916577,0.123439655,0.66204864
0.5792914,0.13935895,0.701635
0.65680385,0.19732383,0.1943488
0.39387402,0.14992581,0.4189456
0.47776353,0.17380008,0.60439324
0.57670146,0.18828496,0.62378484
0.59003747,0.26676804,0.14679874
0.32160887,0.2251052,0.12783752
0.15213318,0.21082193,0.08289742
0.0,0.20250231,0.0
1.0,0.40006822,0.17823167
0.98236907,0.23159944,0.52970546
0.87359935,0.13141225,0.6510057
0.7277775,0.079173274,0.7372126
0.61130244,0.08811148,0.7929893
0.75791436,0.03473234,0.23881346
0.50936633,0.0,0.50123954
0.55100495,0.05463918,0.63773096
0.6351308,0.08219497,0.65816325
0.66122854,0.09329825,0.10942185
0.43187588,0.0686087,0.4308914
0.48957136,0.12053429,0.58106214
0.5699862,0.14453377,0.56654936
0.5733344,0.17047624,0.039861716
0.369,0.13737501,0.3282295
0.43711612,0.18122399,0.42546025
0.52381146,0.20482695,0.39216477
0.50011665,0.24416155,0.0
0.2615834,0.18449406,0.09314442
0.11987473,0.16294405,0.12678371
0.0,0.1414101,0.10308569
1.0,0.3952961,0.30559877
0.97562885,0.22712836,0.66564435
0.87706345,0.119266,0.7704149
0.75023293,0.057454873,0.82574034
0.6456564,0.063464224,0.85294306
0.7995242,0.019518819,0.3223641
0.51941687,0.0,0.56420285
0.5621697,0.061824754,0.69288266
0.6433141,0.08976357,0.7084695
0.7173479,0.074205026,0.17140317
0.44937235,0.07386574,0.49257174
0.5103014,0.12730508,0.66003686
0.59496224,0.14954606,0.6509065
0.632122,0.15093596,0.07276316
0.39299235,0.13983509,0.3620974
0.46415254,0.19151922,0.47624516
0.554971,0.21737857,0.44927576
0.55217224,0.22499822,0.0
0.28170857,0.16242023,0.095518135
0.1270147,0.13701184,0.12358705
0.0,0.1153514,0.08696937
0.96334916,0.3823273,0.8847566
0.9249107,0.25907508,1.0
0.7630712,0.12722085,0.9562147
0.5277092,0.031890143,0.9068741
0.39221254,0.0,0.86528045
0.89901686,0.06522235,0.46385854
0.5370609,0.027112637,0.48138025
0.5473263,0.096199125,0.70551914
0.631019,0.11583012,0.88329965
0.8595018,0.1486194,0.34233758
0.4455687,0.11787741,0.35840285
0.49401143,0.17817445,0.6170754
0.5780267,0.19435336,0.757035
0.78519464,0.23787329,0.24713959
0.37909454,0.19281562,0.33467242
0.4584199,0.23734818,0.59741235
0.5653769,0.2591984,0.7275907
0.6874802,0.3262893,0.14460719
0.34188712,0.27224374,0.087870054
0.16069862,0.25301754,0.056491904
0.0,0.23640233,0.0
0.99527067,0.42204675,0.73637164
1.0,0.2837559,0.946424
0.85541177,0.13976432,0.9208779
0.63578075,0.036444392,0.86927986
0.4606355,0.0,0.81141484
0.955978,0.06558929,0.3948635
0.5843795,0.023607196,0.45772454
0.5638909,0.08756474,0.6264792
0.64060163,0.11373751,0.7308841
0.8794311,0.14525399,0.25081533
0.4643701,0.10373712,0.37702027
0.48996338,0.17187509,0.63979
0.5778746,0.20001622,0.7498933
0.77636135,0.23772559,0.13772781
0.38129118,0.18085521,0.33350396
0.43576697,0.23884323,0.5836271
0.54865575,0.27075255,0.6744261
0.66420525,0.32679933,0.026388649
0.32721844,0.26175946,0.044832315
0.14750539,0.23360491,0.04858291
0.0,0.20445886,0.0
0.7556059,0.33013424,0.94181615
0.73497754,0.22161706,1.0
0.5827601,0.10040074,0.94944644
0.3871103,0.024904521,0.90600276
0.24898474,0.0,0.8699977
0.7239229,0.061851017,0.46702543
0.3953187,0.024495555,0.44825292
0.38427323,0.08094252,0.62339944
0.45758647,0.10441721,0.74423
0.70319617,0.13855866,0.37762725
0.33702418,0.0990074,0.38262007
0.35196647,0.14987043,0.6144309
0.43389338,0.1711222,0.74334836
0.6476222,0.22215286,0.30976078
0.31540975,0.17248037,0.36836857
0.36390093,0.20432043,0.59664077
0.46519786,0.21937817,0.71291244
0.5711354,0.30556357,0.23272133
0.2818436,0.2644079,0.1372588
0.12161124,0.24387553,0.077260494
0.0,0.21902536,0.0
0.6680919,0.2802146,0.96566164
0.656201,0.1865145,1.0
0.52615696,0.08502491,0.94937927
0.33819956,0.02047108,0.92577916
0.20778325,0.0,0.9198001
0.6379705,0.06109376,0.4933577
0.35312653,0.017523145,0.50030476
0.33772495,0.06307464,0.6835622
0.40082112,0.08028125,0.7932682
0.6158265,0.12974499,0.42720073
0.30744678,0.09242625,0.42673254
0.31547004,0.1330475,0.63918215
0.38258395,0.1503574,0.74278903
0.56581825,0.2011163,0.38185516
0.2784462,0.16071752,0.42960483
0.31422052,0.18385449,0.64267194
0.39794692,0.19453774,0.7443021
0.50074,0.27358714,0.32598883
0.24847178,0.25035146,0.1952886
0.10653087,0.24084009,0.09884257
0.0,0.22880487,0.0
0.9517659,0.41010165,0.86079895
0.9485527,0.2869723,1.0
0.79890585,0.14569516,0.95795566
0.5670141,0.042438082,0.91232425
0.40166023,0.0,0.86365503
0.91645,0.11918532,0.4242079
0.55466276,0.03697072,0.460966
0.52684873,0.09060515,0.6755215
0.59932053,0.12053809,0.83302486
0.8539937,0.19985838,0.29953393
0.44675422,0.121792234,0.35615897
0.45829558,0.1788731,0.6257126
0.53797126,0.20498802,0.74500495
0.7604602,0.2845351,0.2064878
0.37337813,0.196382,0.33628654
0.4270811,0.2361492,0.6239418
0.5295351,0.2628841,0.75664496
0.6532372,0.36166272,0.10452128
0.3264648,0.28670785,0.05697805
0.14884233,0.25076634,0.051698368
0.0,0.2219568,0.0
0.9465373,0.45408455,0.66091967
1.0,0.3147447,0.8735556
0.8709811,0.15946166,0.87173915
0.66464216,0.045997947,0.8504534
0.51403767,0.0,0.834486
0.8782489,0.15486367,0.30504528
0.5233941,0.061186418,0.40490252
0.55796134,0.11669391,0.6534066
0.6602489,0.1459733,0.8226904
0.7869346,0.23121649,0.1789162
0.41275117,0.14110081,0.30982727
0.45940018,0.19727398,0.6039999
0.552374,0.22867219,0.72996753
0.68130547,0.31037733,0.0955459
0.3328115,0.21349926,0.26468262
0.39091688,0.26245558,0.53001285
0.4856949,0.29741123,0.63796526
0.5789567,0.3804019,0.015396829
0.28806823,0.29797816,0.023503155
0.13339253,0.26333222,0.032204982
0.0,0.2294579,0.0
0.9871197,0.38851178,0.7425527
1.0,0.2566761,0.9293963
0.82845026,0.12203186,0.9214152
0.5995702,0.030322285,0.89789224
0.45184022,0.0,0.8766419
0.87142503,0.118627965,0.35311058
0.49881315,0.0407452,0.43748352
0.5381538,0.09537277,0.6956542
0.64178175,0.119738854,0.8803561
0.8053904,0.19706078,0.23137334
0.41226047,0.12745379,0.32582888
0.46625128,0.17803511,0.6263213
0.55927914,0.20026436,0.76722443
0.7209023,0.28020626,0.14566089
0.3507132,0.20218372,0.29012963
0.41801155,0.23717721,0.56197536
0.51800185,0.25994962,0.6829225
0.6339674,0.35586786,0.06598645
0.32611465,0.3062676,0.044330124
0.1530009,0.28746793,0.038761493
0.0,0.2671734,0.0
0.932215,0.47059262,0.7027031
1.0,0.32089984,0.9120011
0.8909965,0.16051136,0.9017744
0.702311,0.042426974,0.8736243
0.55183023,0.0,0.8491513
0.8993045,0.16262415,0.32190332
0.558775,0.049241617,0.44199267
0.5837068,0.10912613,0.70711106
0.677811,0.14821841,0.8746309
0.79263854,0.23581271,0.20445558
0.44326133,0.12439529,0.35650194
0.47977126,0.18536004,0.6699977
0.5648498,0.22224694,0.79458666
0.6722949,0.3114984,0.12988807
0.35254192,0.19460148,0.32233354
0.40270096,0.24642505,0.60259825
0.4935619,0.28763455,0.7051591
0.559749,0.3775669,0.059490588
0.27916884,0.27535218,0.049210325
0.12650546,0.23128319,0.0459809
0.0,0.19039573,0.0
0.81226623,0.40549493,0.88299584
0.7942554,0.30017042,1.0
0.67422867,0.17249103,0.99144226
0.51816845,0.06522934,0.9745416
0.43609914,0.0,0.97558206
0.7860158,0.11706275,0.497256
0.4401254,0.08053477,0.5265841
0.44387984,0.1439825,0.73185366
0.52640337,0.16172267,0.86489016
0.7539274,0.19044234,0.3896391
0.3757548,0.15665159,0.4113135
0.40416265,0.21028648,0.62770516
0.483663,0.22709756,0.7387227
0.6866053,0.2696982,0.30900934
0.33958068,0.22393584,0.3766816
0.4019748,0.265218,0.60813737
0.5031041,0.28426257,0.7292872
0.5980725,0.3467145,0.22470242
0.3071948,0.29758394,0.12545419
0.1392648,0.27577764,0.06666921
0.0,0.25066316,0.0
0.8937503,0.4986242,0.4541813
1.0,0.35993883,0.70796645
0.9272019,0.20907062,0.7656359
0.77102846,0.08059541,0.8085632
0.6667766,0.0,0.86731166
0.8797071,0.15153182,0.22213434
0.5599366,0.067092024,0.413413
0.58443886,0.12884894,0.6547959
0.6743364,0.16434364,0.78051037
0.75423366,0.2172576,0.11135166
0.43189162,0.14610071,0.34267068
0.47332054,0.20783104,0.59839404
0.5573343,0.24266942,0.65839094
0.62384236,0.2945811,0.050624732
0.3309099,0.21390145,0.27303386
0.3830571,0.27762806,0.49868736
0.46649545,0.31601253,0.56698006
0.506641,0.3671853,0.0
0.2416576,0.26922435,0.025940964
0.11028106,0.23240219,0.03764403
0.0,0.1930285,0.0020551807
0.9180967,0.40078992,0.8138027
0.91162467,0.24976833,1.0
0.75961125,0.110712245,0.96710765
0.5367449,0.03279156,0.9139241
0.40509325,0.026715789,0.86678845
0.82464236,0.033612553,0.42636764
0.4679354,0.0,0.47626942
0.47086155,0.06899327,0.66078436
0.5543547,0.09358687,0.77068603
0.7949689,0.11407353,0.2917428
0.37782246,0.096542306,0.38696378
0.4228646,0.15718961,0.6654725
0.5143024,0.16622363,0.78129685
0.7311911,0.20673083,0.19722295
0.35331872,0.18306737,0.35286015
0.4240807,0.22172683,0.62814224
0.52981263,0.23092633,0.74565303
0.64828503,0.29787487,0.09724142
0.32167113,0.25626165,0.069807224
0.15229188,0.24077162,0.060228992
0.0,0.22583377,0.0
0.88940424,0.5202659,0.35925424
1.0,0.34991834,0.73081124
0.9340271,0.21040548,0.83194906
0.80284715,0.11782164,0.8962669
0.68545943,0.09000417,0.95021904
0.8802842,0.09825996,0.24828486
0.5797344,0.0,0.52489305
0.589914,0.06853943,0.7441908
0.67150825,0.11011245,0.7967744
0.7269328,0.15731302,0.11844581
0.44966352,0.07110357,0.45117804
0.48606774,0.14585726,0.706442
0.5646894,0.1831539,0.74794906
0.5736342,0.22871354,0.057781573
0.34480226,0.1374398,0.40621382
0.39445153,0.2108963,0.63735884
0.47337028,0.25561836,0.67484343
0.43959528,0.29272363,0.019568691
0.21447371,0.16229004,0.0527621
0.08906097,0.09271983,0.051152404
0.0,0.027912254,0.0
0.885407,0.5976824,0.33574945
1.0,0.39580864,0.6524331
0.9486521,0.24039668,0.74133766
0.8017263,0.1308141,0.8263505
0.6476126,0.1083382,0.9077234
0.87395054,0.14579019,0.1598379
0.62422687,0.0,0.457468
0.6281888,0.07075639,0.72622174
0.70537406,0.1311543,0.8348355
0.69813836,0.19642712,0.06893343
0.4857942,0.05507857,0.40466806
0.5113663,0.12702994,0.6926322
0.5848176,0.18214144,0.762989
0.53007936,0.26111245,0.04562407
0.3644119,0.12186834,0.37489694
0.41348657,0.17665817,0.62129825
0.49594316,0.22795816,0.6806647
0.39452475,0.32433257,0.05246096
0.21001732,0.18403551,0.052235045
0.088628486,0.09866675,0.043121926
0.0,0.02650132,0.0
0.97424924,0.46460763,0.67189366
1.0,0.2834115,0.888263
0.8805688,0.15048595,0.9157973
0.6785883,0.07013355,0.93911296
0.5141298,0.079626694,0.95935905
0.84572935,0.13376012,0.3227998
0.57789606,0.0,0.48735037
0.59749043,0.05957947,0.7474265
0.6713848,0.106326304,0.8798752
0.7234411,0.20047873,0.24202731
0.46888673,0.07053419,0.4305089
0.5111858,0.12870765,0.71195185
0.59136647,0.17064719,0.8017905
0.6064533,0.27241832,0.21132296
0.38453346,0.14852467,0.4197178
0.44650257,0.18187225,0.66528493
0.5343239,0.21642531,0.72593945
0.5125445,0.33685994,0.19890097
0.26928112,0.25745398,0.12485326
0.120132506,0.21212718,0.07223514
0.0,0.16995803,0.0
1.0,0.3303831,0.6127799
0.9149272,0.18005769,0.838275
0.7434273,0.09862416,0.84986013
0.5346001,0.07875612,0.8431801
0.42344478,0.1308539,0.8474798
0.69519454,0.05198327,0.36381218
0.3694443,0.0,0.51053554
0.43910843,0.051706214,0.7096941
0.5482809,0.07374983,0.7968802
0.6332695,0.12824799,0.26908436
0.31352803,0.08379251,0.447671
0.39227253,0.12846802,0.6965372
0.49429834,0.14406161,0.76702183
0.57148015,0.21053475,0.21963945
0.28936598,0.15441087,0.42887494
0.37040412,0.18003221,0.6510688
0.47084987,0.19645034,0.7004164
0.5223096,0.2832552,0.18535079
0.27219442,0.23640303,0.13362068
0.12632166,0.21501037,0.080915034
0.0,0.19494246,0.0
1.0,0.39672217,0.4910458
0.9609036,0.2329386,0.72456115
0.82672733,0.12461249,0.74175555
0.6484699,0.06564526,0.7445986
0.5191958,0.085367195,0.7429885
0.7511086,0.08100447,0.21579102
0.4703957,0.0,0.41725528
0.5230485,0.05494421,0.63714874
0.6183913,0.09019877,0.7170995
0.6434549,0.1611572,0.13822751
0.37761685,0.07334795,0.37326777
0.44371507,0.12475213,0.63385814
0.53252673,0.15467511,0.70561457
0.5431213,0.24380293,0.114338234
0.32221395,0.14841111,0.3935676
0.39072168,0.1873366,0.6108419
0.47176018,0.22087343,0.64583516
0.46190736,0.31365678,0.10834006
0.23933041,0.22117823,0.09941869
0.10690657,0.15904985,0.07062254
0.0,0.1008559,0.0
1.0,0.34270218,0.44968402
0.98056483,0.19351706,0.46646187
0.8604523,0.06997746,0.41871297
0.6869929,0.0,0.40770105
0.5627367,0.01759246,0.42567185
0.70940787,0.15064332,0.0
0.46385187,0.049343545,0.1771507
0.5492051,0.056241084,0.43273056
0.6291954,0.08695543,0.54017216
0.6270636,0.22665963,0.03375714
0.40576044,0.1081465,0.22712488
0.5052869,0.1172434,0.5154472
0.5787947,0.15142007,0.6158681
0.56425416,0.2937911,0.09803115
0.36725748,0.17645636,0.30735174
0.46422604,0.17716824,0.52682894
0.537966,0.2059217,0.58509684
0.51285076,0.34275335,0.16964342
0.26974377,0.27368847,0.15453671
0.12874855,0.23432912,0.13862449
0.0,0.20675921,0.087507956
1.0,0.2853521,0.5567524
0.9412887,0.15868059,0.78597504
0.7739883,0.07625587,0.813873
0.5862557,0.05762868,0.8180209
0.50036913,0.1008839,0.8151339
0.6887048,0.01261164,0.34632716
0.37530842,0.0,0.52523345
0.45107573,0.049120612,0.69741756
0.5569011,0.05957599,0.7551684
0.63328373,0.08646888,0.25528264
0.32946408,0.07865774,0.4703836
0.41654232,0.12131734,0.68852776
0.5074975,0.1299776,0.7262869
0.5745271,0.16967039,0.2089032
0.31506726,0.14910439,0.44788185
0.41128847,0.18123017,0.62819415
0.51080287,0.19555335,0.6425278
0.5219396,0.24640201,0.17787442
0.27415845,0.18585835,0.14821285
0.12562628,0.15185231,0.09584508
0.0,0.1219617,0.0
1.0,0.3950204,0.64347804
0.9898591,0.25824997,0.8589706
0.8368159,0.12481376,0.8702266
0.61610824,0.027415149,0.8478197
0.4742458,0.0,0.84558713
0.90989745,0.03638222,0.3787277
0.55204,6.467961E-5,0.49095818
0.59344774,0.07538149,0.6714169
0.6867026,0.09517212,0.77453244
0.85201377,0.10621976,0.24003741
0.4736514,0.08738288,0.40530196
0.5330472,0.14828013,0.631466
0.6163765,0.1629572,0.7017587
0.76468444,0.19178376,0.13515633
0.4068767,0.16304642,0.3218095
0.49016362,0.21369745,0.53048193
0.59212154,0.23309311,0.59195644
0.6628656,0.27809536,0.038427185
0.3411944,0.21485056,0.04447225
0.16413358,0.18946266,0.042561483
0.0,0.16090353,0.0
0.8147654,0.34966758,0.9522017
0.8187111,0.2131844,1.0
0.6802372,0.07924242,0.8665886
0.46351385,0.0153906485,0.73123574
0.3409083,0.04060488,0.5974491
0.80493796,0.018257719,0.4102011
0.42745194,0.0,0.40265763
0.42372304,0.06542515,0.59527963
0.5046995,0.08205982,0.7154223
0.7798605,0.105251946,0.31542146
0.35099572,0.07868739,0.3477006
0.37165096,0.13620853,0.6407377
0.46017224,0.15377595,0.7896635
0.7087482,0.19954133,0.24562983
0.32404277,0.16403386,0.36232582
0.36179125,0.20810595,0.6576254
0.46137804,0.22088239,0.79558235
0.6197344,0.29301977,0.15880844
0.29454336,0.23574398,0.11066892
0.12514387,0.20901494,0.071827285
0.0,0.17537676,0.0
0.9289586,0.33117583,0.9231397
0.92793626,0.20594802,1.0
0.76313144,0.07604966,0.91780984
0.54014224,0.01048825,0.83735836
0.41616842,0.026486415,0.75222105
0.82281196,0.031117484,0.37293765
0.46751344,0.0,0.40535817
0.48259372,0.061112158,0.6008511
0.5643554,0.082121156,0.711411
0.7818118,0.11525441,0.2845742
0.38314238,0.08843876,0.3680342
0.433621,0.15157616,0.66773665
0.52921146,0.16819486,0.7906377
0.7142032,0.21026789,0.22473519
0.3554716,0.17493302,0.4002683
0.43675768,0.21519855,0.69472754
0.5563536,0.23047039,0.80452085
0.63643306,0.29998624,0.14913237
0.3115141,0.261108,0.10596618
0.13789472,0.24414027,0.07923586
0.0,0.22652532,0.0
0.93386877,0.47820076,0.62343735
1.0,0.32017806,0.8907992
0.9295737,0.17491098,0.9152809
0.7894152,0.07191105,0.90908086
0.6720577,0.054279674,0.9042808
0.9385583,0.09384803,0.3206423
0.6107367,0.0,0.5027969
0.63259643,0.07724483,0.6882032
0.71479636,0.1137047,0.74746186
0.82967365,0.15609519,0.19435364
0.4846786,0.07465038,0.43796852
0.5305507,0.14972915,0.69858146
0.6136767,0.18494709,0.7462021
0.7042638,0.22882092,0.118757464
0.39972845,0.15210725,0.37877387
0.4661046,0.21918517,0.5958588
0.56038123,0.25748697,0.6279101
0.578855,0.29345083,0.05977274
0.2866407,0.18423314,0.066439144
0.12987185,0.13706034,0.06048236
0.0,0.09283357,0.0
0.85997134,0.5938799,0.34290206
1.0,0.4037241,0.69700265
0.965625,0.250332,0.7936428
0.8421561,0.1348196,0.86784524
0.71459126,0.09590274,0.9392251
0.930572,0.14063293,0.20863175
0.6596672,0.0,0.49148113
0.65177095,0.072508276,0.7119029
0.7301579,0.12753423,0.7769699
0.7542883,0.18778732,0.08355403
0.4868591,0.059748013,0.41311175
0.49767587,0.13493162,0.6574285
0.57484347,0.18583964,0.6885796
0.5757414,0.25007528,0.035834424
0.3624019,0.129077,0.36610806
0.402034,0.19431205,0.58835757
0.48713535,0.24398412,0.62338406
0.4260324,0.3085375,0.012256406
0.22088191,0.17045265,0.03808273
0.09435207,0.09751289,0.044715654
0.0,0.034099318,0.0
0.9411381,0.47577417,0.69660413
0.9898932,0.30156055,0.9245886
0.89053756,0.16985345,0.94990766
0.7052861,0.085916854,0.96710074
0.54546344,0.08065863,1.0
0.8873106,0.12580523,0.3779936
0.62317383,0.0,0.5661675
0.6449443,0.062622294,0.8072815
0.72373533,0.10636084,0.89929736
0.76175714,0.18500575,0.2890717
0.5106514,0.06498794,0.51182437
0.5526071,0.12583065,0.7885007
0.6335421,0.1616703,0.8613981
0.6327513,0.2498595,0.25362492
0.42330423,0.13309892,0.5207728
0.49856633,0.1728023,0.77511394
0.59763855,0.20707534,0.82573277
0.5182638,0.3051165,0.23022605
0.29274163,0.21590993,0.17171961
0.13688539,0.1657975,0.10100529
0.0,0.121801816,0.0
1.0,0.4087146,0.68614805
0.9838258,0.23625407,0.9211398
0.82571125,0.11873348,0.9318488
0.61661667,0.06433157,0.92283195
0.48131454,0.09965758,0.92124486
0.8158162,0.07637452,0.37097216
0.49151137,0.0,0.5230883
0.54897934,0.058483128,0.74336886
0.64587617,0.087093584,0.8379614
0.7461542,0.14895743,0.2618549
0.41072547,0.08475582,0.4580382
0.48193723,0.13795574,0.73913616
0.5747991,0.16154557,0.8194495
0.66712826,0.23109621,0.202994
0.37474406,0.16796339,0.44473907
0.45573714,0.19908549,0.68772924
0.55769,0.21959423,0.7420173
0.5891475,0.30396113,0.15179044
0.31481734,0.2539596,0.12577026
0.14672948,0.23098855,0.08305938
0.0,0.21264291,0.0
0.83419544,0.32619795,0.9132398
0.8146421,0.20598711,1.0
0.674813,0.084257536,0.94522434
0.44765934,0.0076711965,0.89140236
0.3131414,0.0069064596,0.8648847
0.7771675,0.03221945,0.49345762
0.4594535,0.0,0.5135538
0.49133983,0.06470667,0.73148173
0.576157,0.07234307,0.88606465
0.7481852,0.1062149,0.39721042
0.38463137,0.08448797,0.40016982
0.4372051,0.13689138,0.61816937
0.5142458,0.14940608,0.728148
0.68411285,0.18604302,0.32521155
0.33287004,0.15942918,0.397563
0.41395807,0.1990935,0.6383653
0.51532835,0.2169523,0.74678844
0.597728,0.2685269,0.23988444
0.3065651,0.21386634,0.15402676
0.1434945,0.19369051,0.08476205
0.0,0.17939962,0.0
0.81740266,0.33796018,0.9769461
0.8156288,0.20298783,1.0
0.66750544,0.07236767,0.87381554
0.44567236,0.0063644852,0.7439608
0.32606933,0.018778605,0.6021315
0.81270874,0.026658494,0.39205799
0.4641021,0.0,0.3420082
0.44435418,0.048814625,0.52684474
0.50931036,0.0639834,0.6571023
0.7810794,0.11506263,0.31388813
0.3766004,0.08049988,0.29960197
0.39803,0.13168402,0.60033506
0.48352358,0.14337632,0.7693474
0.70743716,0.20754302,0.25331256
0.3439721,0.16786131,0.3235401
0.38609505,0.19897304,0.6173051
0.48538136,0.20534556,0.7726163
0.62078017,0.29629058,0.17524613
0.29911005,0.2654085,0.10036637
0.12976713,0.24886905,0.060151774
0.0,0.22512455,0.0
0.86775064,0.41674212,0.6430335
0.86999524,0.2520079,0.9167003
0.7463849,0.13203618,0.9648369
0.59362584,0.0597924,0.9786991
0.45587218,0.046859264,1.0
0.7321357,0.08494352,0.41538036
0.45252833,0.0,0.5540669
0.4445345,0.052285794,0.7914674
0.5099697,0.090938106,0.9252525
0.64866215,0.1537824,0.2845338
0.35912657,0.056002155,0.40243205
0.37288898,0.11049099,0.66875345
0.4423116,0.1440249,0.79692614
0.563134,0.23318675,0.20919126
0.31641185,0.13720791,0.3595095
0.3523704,0.16922098,0.6105982
0.42449445,0.19217432,0.73299354
0.4883003,0.30442545,0.15131749
0.26046884,0.2405474,0.06504688
0.11903284,0.20624967,0.03351764
0.0,0.16904312,0.0
0.9599354,0.44024196,0.61192715
0.9753406,0.2652969,0.89576846
0.84031844,0.13089727,0.94224983
0.6542726,0.05975047,0.9609674
0.5002047,0.07332432,1.0
0.79610336,0.09661118,0.34396893
0.4627745,0.0,0.48670825
0.45194012,0.056256678,0.74550503
0.52594066,0.09644527,0.9027857
0.7097405,0.16965549,0.21614975
0.3578739,0.0759401,0.35585696
0.37730572,0.13147229,0.6697677
0.46295422,0.16070166,0.8314361
0.62478155,0.2555981,0.14865601
0.31650636,0.16487807,0.33548832
0.36053905,0.20000553,0.6246239
0.4509163,0.22190402,0.7645288
0.55171525,0.3348488,0.098145686
0.2862356,0.2819972,0.04970686
0.12868455,0.2629019,0.03172476
0.0,0.23983306,0.0
0.94068646,0.44084838,0.28059813
1.0,0.26831833,0.5339055
0.9186133,0.13242222,0.59616214
0.78308266,0.038802054,0.64810604
0.66511256,0.02550616,0.7161539
0.78132224,0.08914252,0.11861216
0.49141574,0.0,0.34971923
0.49094033,0.05338538,0.59921145
0.5598918,0.09194951,0.7284348
0.6714413,0.155774,0.03785207
0.3889494,0.068618216,0.27284396
0.4148099,0.12364003,0.55385035
0.48620838,0.15871689,0.66765404
0.5779006,0.23573416,0.015369215
0.34332713,0.14772484,0.24227342
0.38816303,0.1867935,0.48765266
0.4695731,0.21575803,0.58419186
0.5035863,0.30950335,0.014630342
0.2710033,0.24161702,0.0092460755
0.12010447,0.20972076,0.02127055
0.0,0.17393363,0.0
0.89342713,0.5422125,0.333358
1.0,0.36142588,0.6592352
0.96204317,0.20775352,0.7444972
0.8529965,0.10010001,0.80699205
0.7205814,0.082916744,0.89707845
0.8546734,0.13997725,0.21097963
0.576788,0.0,0.4326883
0.538118,0.058472518,0.7018258
0.59243995,0.11470734,0.8546076
0.718015,0.19315495,0.08889822
0.43807688,0.055800878,0.3059132
0.42133242,0.116057284,0.6150721
0.48382616,0.16305582,0.7661456
0.5870115,0.2650722,0.032391503
0.35354728,0.13204479,0.25465497
0.36319053,0.1736258,0.5257194
0.4350934,0.21218872,0.6585061
0.47500387,0.3360622,0.0
0.25259292,0.23475742,0.021654775
0.107542925,0.18611209,0.063595556
0.0,0.13804486,0.074822664
0.98034644,0.40895474,0.2702683
1.0,0.24784902,0.5286641
0.8981925,0.12131485,0.597479
0.7683958,0.033396672,0.6571855
0.66364336,0.003421284,0.7482809
0.74990124,0.08419661,0.12433337
0.43034336,0.0,0.32756174
0.41325775,0.051141616,0.59566844
0.4836081,0.090459876,0.7592562
0.6518554,0.15057746,0.041858196
0.33842283,0.06448198,0.24246539
0.35439974,0.11719328,0.55294055
0.43549097,0.14767094,0.71256214
0.5695613,0.23204808,0.015638089
0.30522808,0.1390413,0.22150536
0.33402777,0.1705368,0.5046406
0.41353026,0.1944611,0.6511609
0.50943345,0.31042615,0.0068740845
0.26786923,0.2383347,0.0
0.11437931,0.2087333,0.026354961
0.0,0.17751408,0.028668016
0.99583894,0.40145066,0.44003972
1.0,0.22629714,0.7355195
0.8631534,0.108253844,0.81003326
0.67655337,0.0488698,0.8665971
0.5501336,0.0641544,0.93847096
0.7711606,0.060236476,0.26961946
0.44073492,0.0,0.47441152
0.47003955,0.058065593,0.69953406
0.5656325,0.089757055,0.79301566
0.68153393,0.13278274,0.1612587
0.35586667,0.0741629,0.3841504
0.40411466,0.12913433,0.6442878
0.5006239,0.1543432,0.7256618
0.60427284,0.21860275,0.11477756
0.32816967,0.15279584,0.3571984
0.39874485,0.19053026,0.60217315
0.5016893,0.2114773,0.68033284
0.5442126,0.29607186,0.08688429
0.28772447,0.24070273,0.061828237
0.129681,0.21753214,0.046000943
0.0,0.19215731,0.0
0.939942,0.41625538,0.29108083
1.0,0.2544505,0.5301843
0.93548787,0.12687813,0.5864033
0.8110844,0.036841143,0.6386585
0.70721203,0.013464887,0.7298458
0.78567284,0.091164544,0.10946643
0.48806727,0.0,0.29993668
0.48280692,0.047330856,0.55834657
0.55578667,0.08603098,0.7147074
0.67201895,0.15398727,0.031252895
0.3883461,0.06373848,0.22937481
0.41509083,0.11195194,0.52890503
0.49700415,0.14151593,0.6689426
0.57431656,0.22986785,0.006677658
0.32884002,0.1350373,0.19844988
0.36238384,0.1679397,0.46369475
0.4407794,0.19370319,0.5904312
0.5005171,0.304202,0.0
0.26572663,0.24031837,0.0042044916
0.11451884,0.2131472,0.03870282
0.0,0.1812039,0.045281116
0.9287868,0.46495554,0.4740727
0.9255075,0.27975202,0.8060101
0.8229292,0.14966585,0.88535315
0.68493503,0.0654653,0.93294287
0.56580865,0.050896395,1.0
0.7590505,0.10582919,0.3013356
0.45057625,0.0,0.4738798
0.43068618,0.055238962,0.7226814
0.5003815,0.10001732,0.85899085
0.67091334,0.17052427,0.16598544
0.34969592,0.070374444,0.3298143
0.35239708,0.1241141,0.6173141
0.42991674,0.1555363,0.7575729
0.5842977,0.25030535,0.09229082
0.3043769,0.15096779,0.29488963
0.32875344,0.18465833,0.5729564
0.41031986,0.21031018,0.70634097
0.5091621,0.32668698,0.043203603
0.26214513,0.25336316,0.0134024285
0.1123961,0.21977898,0.017658489
0.0,0.18604037,0.0
0.8271301,0.3893988,0.5556094
0.7720196,0.2412629,0.88896126
0.63710016,0.13585745,0.9610361
0.5077732,0.076112054,0.9834627
0.3860199,0.068101786,1.0
0.6193822,0.060356878,0.4447222
0.3331674,0.0,0.5463708
0.30262086,0.049835574,0.7369704
0.36802152,0.089074686,0.8566596
0.5803395,0.121690236,0.27960858
0.25073528,0.060561616,0.37681386
0.233536,0.1102132,0.5958792
0.30001676,0.13791452,0.71289086
0.5305971,0.20365609,0.1609757
0.23343115,0.13801117,0.27827415
0.23472618,0.1778332,0.46663445
0.3008151,0.19990073,0.5709238
0.47433937,0.28589827,0.06943594
0.23637004,0.2281062,0.022902828
0.101254895,0.19383313,0.013503365
0.0,0.15082833,0.0
0.9689392,0.40540478,0.17734396
1.0,0.2342255,0.27246213
0.8936253,0.11156781,0.27036855
0.6946962,0.03058311,0.28891623
0.5178955,0.0,0.3164949
0.66082835,0.115695216,0.0
0.4636558,0.05089207,0.22562696
0.53406525,0.08351109,0.43134555
0.61517817,0.116614416,0.5256951
0.5655019,0.19075322,8.331466E-4
0.39954194,0.12097596,0.29249963
0.48271674,0.14385302,0.5058925
0.55614597,0.16881475,0.5422077
0.50327533,0.2687763,0.04113611
0.34777045,0.19075193,0.29347682
0.4291075,0.20114091,0.45759997
0.5091918,0.22400422,0.4709943
0.46029612,0.33721247,0.09703817
0.24418935,0.29303262,0.14355323
0.10852185,0.27070475,0.16991231
0.0,0.2516801,0.13692425
1.0,0.47440708,0.25091156
0.9925404,0.28910863,0.5347382
0.89387906,0.15414813,0.59011805
0.73270607,0.05134547,0.61682826
0.59551436,0.0,0.6338621
0.7795384,0.11627053,0.18951707
0.52125865,0.06561232,0.4498445
0.58068347,0.1198366,0.6551195
0.67705715,0.14937171,0.7406526
0.66849375,0.18489157,0.08266142
0.43749192,0.14403172,0.3948341
0.50189507,0.18873747,0.58670104
0.5960221,0.21692784,0.6070995
0.5669385,0.26564848,0.031821046
0.36144313,0.21516672,0.33611393
0.4224145,0.25689873,0.4994166
0.51337785,0.28669807,0.5082436
0.47756526,0.33841097,0.0
0.24882194,0.26114327,0.10534937
0.10431007,0.22034511,0.13828598
0.0,0.18313123,0.11111411
1.0,0.36258507,0.28364798
0.96446705,0.20156597,0.43415576
0.8259428,0.09039657,0.42676628
0.6170796,0.014054184,0.42168266
0.46132642,0.0,0.4245747
0.6570408,0.101903304,0.08500984
0.40907308,0.047840215,0.25728315
0.49260545,0.08023983,0.47075805
0.5895444,0.10560097,0.5881043
0.58457834,0.1748757,0.03517869
0.35904512,0.12670958,0.25719836
0.44676155,0.15050131,0.48110747
0.5344288,0.16694713,0.5425327
0.5375624,0.25512478,0.017557552
0.3251839,0.20292668,0.21920285
0.41095313,0.21299642,0.38921997
0.5090288,0.22442353,0.41175225
0.5061519,0.32804754,0.021387562
0.26641598,0.3207949,0.03884155
0.123280846,0.32573903,0.045171447
0.0,0.32600448,0.0
1.0,0.43605608,0.15328072
0.9974358,0.2554804,0.31024474
0.89340883,0.122136466,0.32264322
0.69815075,0.030706272,0.34903997
0.51479477,0.0,0.37720633
0.6825594,0.107933074,0.02807472
0.45011204,0.040535968,0.2705648
0.5232879,0.08551218,0.46950004
0.615305,0.12066616,0.559705
0.5823621,0.18307212,0.0
0.39119214,0.12277319,0.33108288
0.46938157,0.15794304,0.5480532
0.54546654,0.18025729,0.58725244
0.51001793,0.26280797,0.017643083
0.33810207,0.19596241,0.31524578
0.41933593,0.22304504,0.48142838
0.5074768,0.24785016,0.48680985
0.45572844,0.3321778,0.05544367
0.23476604,0.27154768,0.14192514
0.10162648,0.24263063,0.18996061
0.0,0.21870637,0.17245354
0.98183036,0.47182363,0.1111255
1.0,0.27143675,0.236356
0.9061762,0.12672263,0.25007662
0.71262705,0.026894923,0.27267775
0.5297848,0.0,0.284234
0.689168,0.11362038,0.0
0.468108,0.009046443,0.2400903
0.49981263,0.034484822,0.45020083
0.5779059,0.071269624,0.57765913
0.5631667,0.19086942,0.008854702
0.38719964,0.09516124,0.3418843
0.46914536,0.11994931,0.5713351
0.5614725,0.14990835,0.62755215
0.47200254,0.27179405,0.06368967
0.3344936,0.17460038,0.3581768
0.42603594,0.18938544,0.52847475
0.5224236,0.21699241,0.5467901
0.4074183,0.34127578,0.13476004
0.2058569,0.26826984,0.2226278
0.08706253,0.22743064,0.2830813
0.0,0.1943134,0.28692788
0.9865365,0.42128554,0.16253366
1.0,0.24039267,0.2511222
0.89686865,0.11083993,0.23886268
0.7013242,0.022301132,0.24280265
0.51401466,0.0,0.25192505
0.657067,0.12173586,0.0
0.4483556,0.044743437,0.21203795
0.532882,0.07424366,0.3946261
0.6216134,0.10785665,0.48193368
0.5638718,0.19696952,0.002144685
0.39714587,0.124096505,0.3021951
0.48880386,0.1437774,0.5055738
0.5648954,0.16706116,0.53273666
0.50197554,0.27387524,0.043135617
0.3539936,0.1932945,0.29950672
0.44345692,0.20060946,0.4503382
0.5283601,0.22188257,0.45559824
0.4554453,0.34136945,0.09864184
0.23986211,0.28777614,0.15621217
0.10535583,0.26523808,0.19162665
0.0,0.25084138,0.17035177
1.0,0.40550297,0.20199916
0.98791957,0.2289361,0.36443913
0.8705308,0.10972528,0.37987027
0.67571825,0.02852859,0.39689535
0.5034491,0.0,0.41759256
0.68443364,0.11031205,0.041375898
0.43861416,0.052424494,0.27181295
0.49970058,0.08994696,0.4871121
0.58848464,0.11969184,0.59817976
0.59932476,0.18682587,0.0
0.3859938,0.12996551,0.28762627
0.46161932,0.15992942,0.5174188
0.5480209,0.18282641,0.57247645
0.5385453,0.27013108,0.0043852953
0.348811,0.2019303,0.25449255
0.42353034,0.21791394,0.4362708
0.51492316,0.23541945,0.4651851
0.4919078,0.3465685,0.029671477
0.2638608,0.30122092,0.06797662
0.117875,0.28600195,0.09718965
0.0,0.27133042,0.07161269
1.0,0.35955057,0.20529607
0.9632624,0.1813985,0.4097624
0.84239507,0.086879544,0.470058
0.6659857,0.04859454,0.5392495
0.5481606,0.0679555,0.6117589
0.68441695,0.055820923,0.036161497
0.42568883,0.0,0.26442987
0.49059024,0.042476732,0.46796486
0.57769614,0.07225599,0.5426776
0.5954304,0.1364554,0.0
0.36658844,0.08572003,0.2830641
0.44719508,0.12325569,0.49684042
0.5296943,0.14534809,0.5268304
0.52699524,0.22237921,0.01513328
0.3394837,0.15923889,0.28539282
0.42120486,0.17812552,0.45181993
0.50671816,0.19366106,0.46326983
0.47893548,0.29604128,0.05181535
0.25901747,0.24916577,0.07857691
0.12011884,0.22658552,0.07340447
0.0,0.20408602,0.028693855
0.96888,0.44351396,0.12163957
1.0,0.24604549,0.29306373
0.92983603,0.12697715,0.37237215
0.7738549,0.05646345,0.47937804
0.639599,0.061162334,0.57795656
0.6956126,0.09923136,0.0
0.49592376,0.0,0.2887113
0.55091894,0.040921777,0.50217414
0.6172696,0.08958181,0.56350225
0.5746032,0.16650458,0.01460687
0.42549634,0.07788476,0.39656338
0.5005326,0.11393677,0.62240267
0.56556803,0.14897126,0.6427736
0.48673272,0.24032955,0.07942765
0.38392738,0.14609323,0.41575795
0.47490993,0.17109661,0.5732625
0.5482655,0.1998463,0.5735026
0.42728636,0.30513066,0.16521594
0.22557937,0.23706591,0.22980142
0.103960976,0.19949798,0.25380412
0.0,0.1645299,0.23505947
1.0,0.3797013,0.19286197
0.9992761,0.20917776,0.3970121
0.8985331,0.11294922,0.46621644
0.739931,0.064318806,0.54497445
0.6196416,0.0726224,0.63147146
0.7314264,0.07437715,0.04315032
0.50036573,0.0,0.26700535
0.55485404,0.04163066,0.46861392
0.6334386,0.0781658,0.5387537
0.6304793,0.14472042,0.006093418
0.4317787,0.07846313,0.28551936
0.5042828,0.116668135,0.5034662
0.5815536,0.14522237,0.53250986
0.5533301,0.22376932,0.01802787
0.38587946,0.14866222,0.282991
0.4659764,0.16913658,0.4628809
0.55046684,0.19184142,0.48461536
0.49844262,0.29310492,0.05008581
0.2737751,0.24443066,0.059289265
0.124060586,0.21821184,0.046011094
0.0,0.19489698,0.0
1.0,0.33326918,0.27459627
0.98586035,0.16574077,0.39150614
0.8687221,0.059443578,0.41450065
0.6781517,0.0041644573,0.45794404
0.5462412,0.019204505,0.51284206
0.6818484,0.073399395,0.0
0.44438073,0.0,0.213007
0.5092629,0.031928174,0.4394649
0.58543986,0.06432334,0.53294665
0.59682155,0.1493754,8.056132E-4
0.39625728,0.07573459,0.26408577
0.47954503,0.10279231,0.5126122
0.55374306,0.12790465,0.574471
0.5386868,0.22541484,0.043626867
0.36062005,0.14473294,0.28627923
0.44486997,0.15364034,0.4848683
0.5274533,0.17233221,0.52573526
0.49948046,0.28899556,0.10538695
0.27852798,0.25835258,0.10626989
0.13108978,0.24836865,0.09775776
0.0,0.23977311,0.057895053
1.0,0.296526,0.40583223
0.94271374,0.13699065,0.58222514
0.80033225,0.053488784,0.62134355
0.6113195,0.032007653,0.6700912
0.49495238,0.06513066,0.7302748
0.67774117,0.04574266,0.1462991
0.39717817,0.0,0.34172
0.45897514,0.0365397,0.54670537
0.5479252,0.060849518,0.6204714
0.61107016,0.1258003,0.10365403
0.3678784,0.08297033,0.3579008
0.45317027,0.112763636,0.58144754
0.54030526,0.13099198,0.6133427
0.5623876,0.20986193,0.10926895
0.355189,0.15698391,0.36487132
0.44293696,0.17187308,0.5525563
0.5330647,0.18517391,0.57101583
0.5264752,0.28292438,0.12831905
0.29202703,0.26431823,0.114063025
0.1369466,0.26055306,0.07310232
0.0,0.2567442,0.0
1.0,0.30715287,0.58467734
0.91558933,0.16180384,0.8257887
0.74968606,0.07751335,0.84835106
0.55932456,0.051602505,0.84516925
0.450392,0.09645666,0.83900297
0.69599694,0.0349964,0.36429024
0.37667313,0.0,0.53076
0.4415555,0.047628358,0.722697
0.5417268,0.06554852,0.79725236
0.64057875,0.108718984,0.26386788
0.33437735,0.0852347,0.4732288
0.4119378,0.12668972,0.7005111
0.5039465,0.13731754,0.7501146
0.58417803,0.19111627,0.215067
0.3146589,0.15498994,0.44906324
0.4025927,0.18382096,0.6393295
0.5023722,0.19660008,0.66832757
0.53302866,0.2650571,0.17768826
0.27615616,0.22321363,0.14677088
0.12669386,0.20548281,0.08922426
0.0,0.1880178,0.0
1.0,0.31692228,0.5104874
0.938526,0.16275655,0.73449534
0.7914467,0.06365153,0.75263655
0.6067451,0.016620727,0.75581396
0.4829418,0.04667362,0.7516862
0.7233109,0.051829387,0.25141922
0.44427457,0.0,0.43434846
0.505578,0.048360463,0.6425999
0.59023297,0.07151115,0.71657175
0.6551827,0.124266386,0.16967629
0.39511892,0.07669954,0.40373737
0.46624267,0.117575444,0.6482468
0.54465103,0.13627471,0.7040694
0.59267783,0.20139493,0.13922589
0.36488676,0.15251264,0.40888113
0.44397405,0.18262249,0.60940945
0.534884,0.20309013,0.6341501
0.5366452,0.26854435,0.12458514
0.29182655,0.23557039,0.12144494
0.13279748,0.22454655,0.078911744
0.0,0.2141469,0.0
1.0,0.3140375,0.6232404
0.9311362,0.1714085,0.84454167
0.7928236,0.06658584,0.8584296
0.62795734,0.008669904,0.8540241
0.5201263,0.022985976,0.86052614
0.72876227,0.053895652,0.35947144
0.43016738,0.0,0.50231236
0.4796176,0.051995486,0.71220857
0.5683982,0.07682107,0.8058291
0.6663161,0.12897637,0.26523033
0.3797351,0.07780996,0.44130474
0.4503397,0.12425012,0.69935155
0.5358021,0.14138211,0.78952295
0.6030294,0.20901456,0.21494621
0.3440994,0.15022059,0.42166165
0.42314664,0.18440455,0.6398044
0.51793,0.20642918,0.6932488
0.5442274,0.28136978,0.17839573
0.28848144,0.24212481,0.13179311
0.1309582,0.21905127,0.07899595
0.0,0.18938552,0.0
0.92901677,0.25023645,0.84032226
0.8499146,0.13128297,1.0
0.661515,0.059373736,0.97624683
0.45653105,0.053482324,0.9341664
0.35294583,0.106731914,0.9101551
0.66179764,0.04263597,0.49395543
0.35348865,0.0,0.5857883
0.42428085,0.042089827,0.79949534
0.5170487,0.062018976,0.9068567
0.6257414,0.11781362,0.41019243
0.31864357,0.077600375,0.52144825
0.39504224,0.1165031,0.7773449
0.47199577,0.1293852,0.86835575
0.5865566,0.1958876,0.3602029
0.3080988,0.15269014,0.5290596
0.39170966,0.17502835,0.7567101
0.47856042,0.18711215,0.8176117
0.5482155,0.2624455,0.31663856
0.2929891,0.23684986,0.20249432
0.13782813,0.22566067,0.10594589
0.0,0.21213913,0.0
0.8307582,0.24899241,0.83526427
0.7396529,0.13160622,1.0
0.53601766,0.058864526,0.95755094
0.31564566,0.06255826,0.8953518
0.23016486,0.121715605,0.83763814
0.5761778,0.040159624,0.46186143
0.23520277,0.0,0.5210957
0.27630305,0.04774752,0.7477912
0.357368,0.06964426,0.9062969
0.5646362,0.11863928,0.3558074
0.21461505,0.08654717,0.41536802
0.2713809,0.12648273,0.67825717
0.3481287,0.13477166,0.8000215
0.5439031,0.2009845,0.28755715
0.21974394,0.17110397,0.4145778
0.28169444,0.1847782,0.6667752
0.3684547,0.18789475,0.7623297
0.516108,0.27604666,0.22536236
0.25061455,0.2665138,0.13254048
0.11553224,0.26518065,0.07362986
0.0,0.26179832,0.0
0.97518843,0.38475102,0.78103393
0.94419587,0.23366225,0.9742582
0.7634143,0.11145633,0.97711563
0.5299484,0.033535685,0.9698094
0.378677,0.0,0.97149175
0.7661997,0.10395977,0.4066937
0.4052389,0.03848931,0.53317684
0.4346331,0.09327426,0.8155229
0.5194176,0.121602714,1.0
0.7014017,0.18659677,0.30596766
0.34762114,0.11819166,0.43413436
0.39515066,0.16723154,0.73701257
0.47684842,0.1876863,0.8716162
0.63979137,0.2748111,0.2519153
0.31816095,0.20282197,0.41346723
0.37900332,0.22758849,0.6867974
0.47134545,0.24395368,0.7992189
0.5872412,0.35854673,0.20690663
0.3079777,0.32330245,0.1220232
0.14434823,0.31625924,0.074200645
0.0,0.30562502,0.0
0.65573555,0.27232254,0.82888615
0.54678655,0.16739081,1.0
0.37108228,0.082867935,0.9887139
0.17455344,0.030966911,0.96003115
0.037736095,0.0,0.9385097
0.43325126,0.020386443,0.5075896
0.1119276,0.031414792,0.52258545
0.07320645,0.10241556,0.68545556
0.12060928,0.12405049,0.79121757
0.46689788,0.08603677,0.37471816
0.09444826,0.09914864,0.34779283
0.0810077,0.16223976,0.56701946
0.14596233,0.17861742,0.68999326
0.4759023,0.17064421,0.27738097
0.1478036,0.17095304,0.29201669
0.14099799,0.21370378,0.50383186
0.1924101,0.2247102,0.6261837
0.45780027,0.26333818,0.1822015
0.22818081,0.26215714,0.080826655
0.09875132,0.2686211,0.045112688
0.0,0.26756254,0.0
0.72463316,0.24878356,0.87717336
0.68030214,0.14643125,1.0
0.50596404,0.06831023,0.996295
0.3013219,0.024266768,0.99187165
0.16239166,0.0,0.99265456
0.5650512,0.048111558,0.49361935
0.24452963,0.020067226,0.52307856
0.20174068,0.06846869,0.74255174
0.24858549,0.08815724,0.9056307
0.5530698,0.12111317,0.40170616
0.21534361,0.09325728,0.39725506
0.20707472,0.13302666,0.6485143
0.2654357,0.14327599,0.80404115
0.53290737,0.19888352,0.34064624
0.22488502,0.17032069,0.37994358
0.22475672,0.18331474,0.6084308
0.28169376,0.18358843,0.746525
0.50971717,0.27602056,0.27980042
0.26430038,0.28827274,0.14847465
0.113216065,0.30366343,0.06549772
0.0,0.3176229,0.0
0.9246713,0.36014503,0.90337366
0.9278646,0.21896191,0.9979079
0.7577396,0.08949925,0.9462253
0.5275905,0.008702215,0.89880073
0.36589515,0.0,0.8641422
0.7808676,0.12084631,0.38523877
0.42945588,0.037791707,0.4641757
0.4691354,0.07466707,0.7764049
0.5538908,0.095939495,1.0
0.7168479,0.20728096,0.31565303
0.35969353,0.11850415,0.39572018
0.4286419,0.15234044,0.7432065
0.51570964,0.17011343,0.9205345
0.6471448,0.28963748,0.28578684
0.3167052,0.20451158,0.39987025
0.39388633,0.21322055,0.69084907
0.4922869,0.22534037,0.82435995
0.58346695,0.36215717,0.2563155
0.3042452,0.33910623,0.14693506
0.14051491,0.3408729,0.08066121
0.0,0.34559095,0.0
1.0,0.40585393,0.64498526
0.9710257,0.23315597,0.83433276
0.82227963,0.12679572,0.84839445
0.6112572,0.07535514,0.86035156
0.44885236,0.08050648,0.8927419
0.8191666,0.098549664,0.27143863
0.51456183,0.0,0.3892643
0.48441514,0.047256842,0.65876
0.54045343,0.0864941,0.8296936
0.7222914,0.18174405,0.2031683
0.42418963,0.07966967,0.33447924
0.43660614,0.12439531,0.64448744
0.5046235,0.14967997,0.79311013
0.63091266,0.2680786,0.1919393
0.36323005,0.18146445,0.37165767
0.41255805,0.20135093,0.66003233
0.49510217,0.2156448,0.78493375
0.55951715,0.3438044,0.18586898
0.30393046,0.2965547,0.10854697
0.14262863,0.27801305,0.060668316
0.0,0.25968444,0.0
0.9671021,0.4816581,0.5683005
1.0,0.3022135,0.78103125
0.86087227,0.17615412,0.8154676
0.6509236,0.11307907,0.8502865
0.48607802,0.11171775,0.9119765
0.8244719,0.12486731,0.22396025
0.51574326,0.0,0.37355673
0.4712521,0.04894014,0.66226155
0.526065,0.09712663,0.8399695
0.70250034,0.20611204,0.16008084
0.38597262,0.070968926,0.30909082
0.3789327,0.122247286,0.63150775
0.44958618,0.15917787,0.7991345
0.59064907,0.29225922,0.15552866
0.32431343,0.17020984,0.35645494
0.36209664,0.19984041,0.6565141
0.44222954,0.22540689,0.78788006
0.5029908,0.36554787,0.16116427
0.26370195,0.27731586,0.09288163
0.1180545,0.22755256,0.05094303
0.0,0.18095669,0.0
1.0,0.39195144,0.6608803
0.98058546,0.22258066,0.82619095
0.82032895,0.11910342,0.82559204
0.59295434,0.080587626,0.8333233
0.4281213,0.09860774,0.871666
0.7850728,0.10295565,0.21964797
0.4505216,0.0,0.31893152
0.4276174,0.0428479,0.5897712
0.49302974,0.080688804,0.772202
0.6931903,0.18678404,0.16372758
0.34717286,0.08045188,0.2719072
0.36100638,0.11498519,0.5955967
0.43632135,0.13534139,0.7644153
0.61226505,0.27261975,0.15978691
0.30294776,0.17689395,0.31102258
0.33967438,0.18198237,0.6111607
0.41548535,0.19021367,0.7501079
0.5528243,0.3487383,0.16470326
0.2853225,0.30481565,0.090395585
0.1308179,0.28353778,0.051485065
0.0,0.26244774,0.0
1.0,0.3154919,0.6874621
0.94834447,0.16711646,0.8400693
0.756287,0.08492082,0.82118404
0.5240599,0.080144286,0.80536985
0.37462878,0.12549722,0.80975425
0.7422844,0.07017923,0.25071588
0.40534118,0.0,0.33589742
0.4005175,0.04831304,0.59791464
0.47083795,0.08430473,0.7786997
0.6759128,0.15525798,0.18427536
0.3163138,0.0821565,0.28047556
0.34115893,0.12027481,0.5830276
0.41806725,0.14002818,0.7426054
0.6179206,0.24313752,0.16613324
0.29513407,0.17709318,0.30616164
0.33959514,0.1770812,0.58049995
0.41689974,0.17734209,0.7020896
0.57524204,0.32142335,0.15531075
0.30233875,0.30621922,0.08277549
0.14354509,0.30190393,0.04642165
0.0,0.29444146,0.0
1.0,0.24109773,0.38193518
0.91167444,0.16598898,0.5785766
0.7003112,0.11501413,0.5840879
0.49557704,0.09277547,0.57240134
0.40126663,0.10288127,0.5675598
0.66799986,0.0061735935,0.065949604
0.33366966,0.0,0.24874906
0.38926286,0.055357542,0.43514553
0.4843913,0.06545996,0.51572645
0.6091394,0.039973598,0.010176597
0.25374654,0.042194415,0.2585247
0.33687508,0.09550922,0.50504136
0.4444566,0.10755743,0.55049413
0.5339747,0.08635506,0.0
0.20444193,0.08492435,0.2742273
0.29742897,0.12799038,0.4595302
0.40415204,0.14070228,0.46587443
0.459633,0.13444667,0.010426169
0.15528947,0.10305773,0.06944107
0.059550483,0.099868216,0.07926664
0.0,0.087497324,0.02261916
1.0,0.21231543,0.68576115
0.84512675,0.23408592,0.6774422
0.5259433,0.18379955,0.5896133
0.2258712,0.15112711,0.544333
0.078419484,0.15992668,0.5489224
0.5883469,0.029344827,0.0
0.15283942,0.0073974216,0.18154995
0.2697671,0.05711555,0.48085946
0.41224948,0.060940813,0.6165443
0.60210806,0.008989091,0.041247055
0.13058342,0.0,0.23533556
0.25300482,0.05421019,0.61057734
0.3795506,0.066547565,0.7289586
0.58491856,0.014370108,0.116732255
0.15433967,0.008469832,0.3336548
0.258303,0.060274947,0.5651239
0.3623235,0.07902471,0.6009933
0.54637396,0.031634543,0.19659416
0.17594615,0.006979216,0.19945933
0.06421137,0.01371124,0.16197497
0.0,0.007999389,0.06228626
1.0,0.2524687,0.6456748
0.9230646,0.13005155,0.8291935
0.7458614,0.056697,0.82589626
0.5706831,0.035155352,0.8115424
0.48984826,0.06123876,0.7988466
0.7021215,0.0,0.35413715
0.394238,0.029711846,0.4817825
0.4653285,0.07654649,0.610438
0.5638191,0.08236079,0.635471
0.6757132,0.06904064,0.2727462
0.35754162,0.10771954,0.44464386
0.44180202,0.14523007,0.6486381
0.53422594,0.14918087,0.6759494
0.63961136,0.15544139,0.22916271
0.36505356,0.17176968,0.42773426
0.45823386,0.20111434,0.5932388
0.5496855,0.208961,0.5959981
0.5965471,0.23831883,0.19014406
0.30918872,0.21153569,0.16203676
0.1424998,0.1945502,0.10297732
0.0,0.18364152,0.0
1.0,0.2298289,0.7025836
0.95172244,0.1223521,0.82898647
0.7668399,0.04376209,0.79574883
0.56414855,0.022915546,0.77294064
0.47929594,0.050720535,0.77416545
0.7393302,0.0,0.32805586
0.39958623,0.031092843,0.42695802
0.46029833,0.074655,0.5830022
0.55830187,0.07834196,0.64128286
0.708521,0.07002664,0.259887
0.35336936,0.107456274,0.4007891
0.43216616,0.14475118,0.6482491
0.52782214,0.15026975,0.72610885
0.6715019,0.15587294,0.22883658
0.34859082,0.17618002,0.4136136
0.43094093,0.2016751,0.63744056
0.5249322,0.20673221,0.6926288
0.6253028,0.238969,0.18779613
0.31661543,0.22754101,0.14517018
0.14576733,0.22173935,0.09183037
0.0,0.22004324,0.0
1.0,0.25740293,0.73482376
0.9314291,0.15469506,0.86618876
0.7318176,0.07666063,0.80475426
0.5206738,0.056641545,0.7414224
0.42990738,0.08393568,0.69178265
0.74854106,0.0,0.3199358
0.38797426,0.045648154,0.39584246
0.44157898,0.10683727,0.52886456
0.5368126,0.11781084,0.57792217
0.7421544,0.07021942,0.23324133
0.33943966,0.12306897,0.35025382
0.40937862,0.17426668,0.61019534
0.50507474,0.18229634,0.6944356
0.7141836,0.1594352,0.18038651
0.34167007,0.19372423,0.36658326
0.4160368,0.22894785,0.60516083
0.5099887,0.23494077,0.65904576
0.6602031,0.24828126,0.120883815
0.31615373,0.23553723,0.103278205
0.1428879,0.22843887,0.08440594
0.0,0.22411834,0.0
1.0,0.310216,0.36290637
0.92211497,0.17747726,0.6985831
0.7920489,0.08842119,0.7892304
0.6697196,0.039749704,0.83683354
0.58077854,0.04828434,0.85994625
0.69254154,0.0,0.330193
0.41578096,0.0361409,0.5420952
0.46949542,0.0909066,0.67506903
0.56639516,0.10217361,0.70310897
0.65106446,0.058628067,0.18116075
0.36864614,0.10177369,0.44362995
0.43946233,0.15436769,0.62011206
0.5341611,0.16833174,0.6395035
0.6042454,0.1413677,0.080950595
0.33671787,0.16663466,0.33664906
0.4246571,0.21641064,0.4811297
0.52249014,0.23537014,0.47741258
0.55249363,0.22437698,0.0
0.26353148,0.18460141,0.04768121
0.11626343,0.16249003,0.054323908
0.0,0.13759382,0.008809349
1.0,0.3626922,0.1827385
0.9693681,0.21038857,0.505783
0.8599292,0.11165708,0.60419166
0.7290688,0.05967715,0.6755466
0.6286977,0.062405884,0.72880715
0.74323404,0.018342644,0.18933699
0.47112265,0.0,0.43546242
0.5075137,0.056424893,0.5751286
0.6005473,0.082327895,0.61184496
0.6461467,0.07985685,0.08185283
0.39862776,0.07107017,0.38224623
0.44863388,0.123809785,0.54715896
0.5359303,0.1484694,0.55288994
0.552555,0.16259974,0.02990768
0.34503418,0.13516286,0.31568828
0.40383005,0.18324564,0.42936432
0.48658508,0.21442015,0.4105916
0.46834287,0.24541321,0.0
0.23573717,0.1625449,0.069279686
0.10171235,0.11427578,0.07818292
0.0,0.073327616,0.03080099
