0.54813147,0.14963466,0.1897403
0.5060296,0.08468467,0.2954421
0.41431138,0.04438895,0.29831004
0.32569948,0.033956885,0.29749265
0.26692614,0.03791356,0.2936894
0.35843506,0.0,0.10321013
0.17993209,0.0019197166,0.13713889
0.079046845,0.01129365,0.15972084
0.0,0.018518865,0.15876122
0.34739766,0.03937626,0.053153142
0.18604633,0.05620587,0.14234129
0.2305466,0.068537,0.22403392
0.28218642,0.058118343,0.22540833
0.33939585,0.086444914,0.021208793
0.20575461,0.095763445,0.12387769
0.25521502,0.10549039,0.18525702
0.30337128,0.10190636,0.17001127
0.33272228,0.13325018,0.0
0.23020872,0.13197058,0.08531028
0.27624843,0.1364209,0.13208373
0.31750402,0.1347751,0.11928116
0.59922874,0.1482403,0.12473863
0.5397624,0.07988772,0.27553448
0.43541846,0.045485526,0.31239766
0.349789,0.039875597,0.33168253
0.2888206,0.04829243,0.3417871
0.3512369,0.0,0.12581737
0.17208579,0.008565009,0.17163193
0.07307398,0.021348387,0.19610153
0.0,0.03042838,0.19901349
0.33146086,0.039329022,0.065555334
0.18416822,0.06786534,0.18133277
0.22723296,0.08166519,0.25193822
0.2755125,0.0713906,0.24559036
0.32327792,0.087100595,0.02752038
0.21879876,0.10885087,0.15511774
0.26889336,0.11655226,0.19442117
0.31795517,0.112072736,0.16314596
0.32309547,0.13415691,0.0
0.25554928,0.14186981,0.10631612
0.30308506,0.14508316,0.14064248
0.34394798,0.14245525,0.120802686
0.63355726,0.08131695,0.09797054
0.5409916,0.031874716,0.22880882
0.4278701,0.01953417,0.25993907
0.34541416,0.031763256,0.2662136
0.28704113,0.050257027,0.2599164
0.3165648,0.0,0.10608929
0.15910953,0.011309683,0.13688436
0.07089767,0.027078152,0.1464773
0.0,0.043921173,0.13746506
0.30928093,0.039708853,0.056085937
0.20149097,0.06500316,0.14864045
0.22359616,0.06851804,0.19437763
0.23646891,0.062892675,0.19600941
0.3216347,0.08442998,0.024765432
0.273329,0.10105705,0.14213395
0.3279161,0.09784925,0.15657681
0.36689252,0.09097129,0.11952331
0.34387696,0.12775481,0.0
0.31243736,0.12833571,0.09275
0.36184442,0.123741984,0.10893835
0.3984728,0.120146096,0.08638058
0.47519684,0.17526788,0.21140319
0.43892765,0.10957563,0.31151697
0.35050994,0.06387073,0.29877883
0.2543146,0.044035673,0.28038323
0.17953986,0.03931737,0.2565721
0.33962756,0.017966986,0.12110745
0.17427677,0.0,0.15508433
0.07542652,0.0010184646,0.18148388
0.0,0.001101017,0.18462649
0.3176884,0.05388826,0.066813976
0.15511751,0.049506605,0.15184337
0.19101083,0.06878728,0.23911594
0.24371713,0.06694776,0.24626958
0.2919215,0.09784049,0.030247137
0.15625113,0.08804226,0.13727345
0.19787478,0.10414517,0.21054977
0.24430895,0.108576536,0.20220476
0.26725096,0.14137644,0.0
0.16712129,0.12409204,0.09605721
0.20656121,0.13340348,0.15671921
0.24563658,0.13931245,0.15041153
0.50893915,0.09321183,0.28442937
0.44608706,0.041479945,0.28811023
0.33599502,0.01996392,0.22782323
0.2229582,0.033427536,0.18821192
0.14219707,0.050436795,0.13929813
0.338044,0.0,0.03250441
0.17594749,0.0107803345,0.023512632
0.07743031,0.030633748,0.015691817
0.0,0.047041833,0.0
0.33990622,0.04779011,0.031036913
0.18728971,0.057982326,0.08507584
0.23073488,0.06104535,0.1913814
0.28362215,0.054738462,0.21263155
0.34322435,0.09749657,0.042619243
0.19977418,0.09648335,0.12549186
0.24931353,0.09361464,0.21759173
0.2995541,0.091162086,0.21850109
0.34446895,0.14276117,0.05222726
0.2295531,0.12662923,0.13415046
0.2656114,0.11937541,0.20667943
0.30414736,0.12002969,0.20493123
0.5790505,0.1542033,0.22464575
0.5092995,0.08895469,0.35206583
0.40600103,0.055006027,0.34974968
0.3086418,0.04351759,0.3344582
0.23507518,0.041553915,0.316193
0.36013204,0.0,0.16526645
0.17909956,8.5127354E-4,0.20213817
0.07710093,0.009931564,0.22856608
0.0,0.014390945,0.23182808
0.35372072,0.038312078,0.09454164
0.17901915,0.05819404,0.1875779
0.22651747,0.07664907,0.27896863
0.2807684,0.0672065,0.28613493
0.34576225,0.0878101,0.04161893
0.19449279,0.10024589,0.14843562
0.25143832,0.114224255,0.22135861
0.30483878,0.11218023,0.2086815
0.33863866,0.13762659,0.0
0.22228384,0.13857901,0.09674603
0.27109426,0.14390737,0.15978858
0.31782317,0.14264655,0.15264595
0.5503937,0.18803102,0.11477962
0.50247484,0.11063874,0.27264792
0.4120137,0.06869948,0.3121412
0.32755303,0.054517865,0.3308866
0.26020473,0.054024756,0.34488276
0.33537662,0.013478041,0.12373863
0.16281876,0.0,0.18880896
0.06757349,0.0042897463,0.23093106
0.0,0.008114696,0.24660712
0.2943198,0.052142143,0.06229789
0.15712601,0.0615319,0.1945551
0.19813988,0.08010912,0.26531133
0.24723846,0.07812512,0.25756925
0.26793677,0.10094887,0.026252702
0.1793673,0.10912013,0.17107144
0.22616863,0.12311381,0.20613468
0.2705952,0.12607819,0.1672086
0.25245905,0.15005088,0.0
0.19803303,0.14699495,0.115879856
0.24404222,0.15652806,0.14572048
0.2810284,0.16213751,0.11739187
0.6388148,0.13411534,0.20973694
0.5534543,0.07683036,0.33360124
0.4251836,0.052107453,0.33481365
0.3145457,0.057075083,0.32409966
0.23833501,0.07123032,0.30824777
0.36767423,0.0,0.14081839
0.1866653,0.024428487,0.17282121
0.08452359,0.040284514,0.1859507
0.0,0.04980454,0.17671114
0.36800152,0.03830859,0.078942984
0.21105534,0.084931254,0.18120377
0.2617162,0.097292155,0.25804904
0.30687398,0.081492096,0.25350404
0.37233377,0.08655873,0.034335434
0.24781093,0.1261279,0.15222362
0.30629778,0.13093266,0.20685689
0.3510722,0.118409276,0.18489648
0.3810733,0.13524649,0.0
0.29735363,0.16171682,0.1072597
0.35056585,0.1631777,0.15023541
0.3874222,0.15361655,0.13066524
0.5831578,0.121691406,0.20758045
0.52831936,0.045523584,0.27387217
0.41985297,0.006038785,0.24907424
0.29144645,0.0028623343,0.22967786
0.19783866,0.009642065,0.19684693
0.3835913,0.016579747,0.01726757
0.18572605,0.0,0.060784385
0.077414304,7.266998E-4,0.093755364
0.0,0.005311966,0.09630904
0.35596818,0.07164866,0.0
0.20884061,0.04260552,0.113539584
0.26113385,0.04197812,0.22528733
0.31873465,0.046381354,0.24272525
0.3399456,0.12421417,0.0043999404
0.21543807,0.085981846,0.1392717
0.26931423,0.08772719,0.2172512
0.32061285,0.09847903,0.19590278
0.32906908,0.16965312,0.011725396
0.24365216,0.1263861,0.12889458
0.28259626,0.12296486,0.1933614
0.31914383,0.13489234,0.18391603
0.6047503,0.094129205,0.17182954
0.53648674,0.037299454,0.27745882
0.43052003,0.015543222,0.2916982
0.33411458,0.026293755,0.29934406
0.2764373,0.041237235,0.29528654
0.36260226,0.001693666,0.06775111
0.18627164,0.0,0.0836737
0.08113596,0.0019936562,0.08975136
0.0,0.0057213306,0.07722212
0.3478966,0.048192322,0.032973945
0.171893,0.054241776,0.12497874
0.20900303,0.06364697,0.24986464
0.2609519,0.06757647,0.30322063
0.34740064,0.100915134,0.0134513825
0.19291654,0.10359621,0.114951074
0.2392439,0.107852936,0.21768326
0.29516873,0.11007434,0.24636477
0.35470888,0.15354621,0.0
0.22356167,0.14702302,0.074055836
0.2498509,0.14316928,0.14307344
0.29653403,0.14597476,0.1623165
0.56198287,0.079864144,0.24363287
0.48128814,0.028995335,0.34047174
0.36592263,0.011832714,0.33487383
0.2690627,0.023390293,0.3237385
0.21561962,0.04412514,0.2991613
0.33430785,7.44462E-5,0.082230434
0.1695221,0.0,0.07068798
0.07060546,0.007752955,0.07278563
0.0,0.016774595,0.0631243
0.33653563,0.044455767,0.043758944
0.154407,0.060771465,0.10363123
0.18216032,0.07231271,0.23675284
0.23674536,0.07453114,0.3064727
0.3493352,0.09505564,0.018592954
0.17844334,0.11289883,0.08457042
0.21398616,0.11549801,0.19996107
0.27009183,0.11172944,0.24745138
0.36760992,0.1431709,0.0
0.22740644,0.15358377,0.049484387
0.2402904,0.14909834,0.11706108
0.2803102,0.14374685,0.14441076
0.6128389,0.097577035,0.15652096
0.5378146,0.046813607,0.28913075
0.43662167,0.027406275,0.31852016
0.35541838,0.03844142,0.33354607
0.30652946,0.058017015,0.34031147
0.34800017,0.0,0.11513482
0.18223321,0.002495408,0.123410404
0.07707405,0.0057888627,0.13018842
0.0,0.006354153,0.124288574
0.3431039,0.039733887,0.06406089
0.16883966,0.059894025,0.14174208
0.19970423,0.07628763,0.26058406
0.25265187,0.07845247,0.32016736
0.35439783,0.08991957,0.027607337
0.19687629,0.10796034,0.10244287
0.23683631,0.11768675,0.1942853
0.2928599,0.1164493,0.23218775
0.37500387,0.14303607,0.0
0.24381351,0.14893764,0.053685576
0.26546758,0.14867169,0.11689216
0.31134695,0.14764684,0.14188558
0.5841386,0.11480719,0.09141078
0.5232161,0.060062587,0.25962192
0.43746036,0.036898494,0.31433916
0.36375427,0.038465858,0.3487119
0.32338852,0.05069053,0.37030885
0.31728953,0.006201327,0.13303328
0.1530618,0.0,0.18620276
0.062144965,0.003945291,0.20599218
0.0,0.006485045,0.20571834
0.29872245,0.04373777,0.07287966
0.15492624,0.065005004,0.19484419
0.20431054,0.08141965,0.29079214
0.2568987,0.079760194,0.30806053
0.29639816,0.09218031,0.03148913
0.16363174,0.10739398,0.14342356
0.20964906,0.11810404,0.22047184
0.26019233,0.11845189,0.23304753
0.30358934,0.14390457,0.0
0.17860395,0.1446023,0.078875385
0.20990145,0.14758092,0.14549498
0.25492382,0.15030897,0.16354525
0.59629714,0.06957841,0.09307904
0.5245497,0.015609384,0.19324374
0.4309969,0.0,0.22020501
0.3444265,0.01693952,0.24852309
0.28936258,0.033683002,0.27014345
0.34416217,0.010999918,0.015873313
0.17307138,0.014418602,0.046854433
0.07519555,0.018549025,0.06421891
0.0,0.02538377,0.062448412
0.33358353,0.0568974,0.0
0.18843073,0.056562483,0.11315692
0.22878566,0.05172074,0.22591943
0.2797444,0.04897195,0.26559004
0.33950734,0.101445794,5.810112E-4
0.20859829,0.0954808,0.11700758
0.24450016,0.09069568,0.20764294
0.2913375,0.09188479,0.22446793
0.35471904,0.14195669,0.009331532
0.24166057,0.13419348,0.10350974
0.25807223,0.12594771,0.17813519
0.29629788,0.12700093,0.2030921
0.51859105,0.09323859,0.08961629
0.4833149,0.045762658,0.21903905
0.40867648,0.023828447,0.25949475
0.3420641,0.028936446,0.28732884
0.30432203,0.040445685,0.31472158
0.301518,0.0,0.10173333
0.15011421,0.011202991,0.14011179
0.06614962,0.023292542,0.15598144
0.0,0.029376864,0.15175585
0.2835227,0.03561169,0.054135464
0.13516662,0.047382414,0.12714577
0.16951695,0.06057942,0.21154228
0.2165063,0.060795903,0.24336606
0.28250375,0.07843375,0.023593478
0.14667913,0.08558881,0.094072916
0.17830613,0.09452939,0.177068
0.22317219,0.095288396,0.21374205
0.29475972,0.12403816,0.0
0.17907977,0.12299991,0.052345924
0.20200363,0.12264019,0.11098495
0.24281153,0.12201041,0.13869384
0.5650039,0.1828649,0.24865809
0.51570296,0.117055416,0.38021767
0.4189491,0.07408136,0.3766666
0.32060376,0.058865964,0.35948336
0.25374976,0.05999458,0.3372559
0.3803064,0.009203255,0.1857166
0.1991027,0.008353829,0.20570314
0.09128788,0.0062173605,0.20663625
0.0,0.0,0.1839889
0.37572035,0.040927738,0.110764906
0.19019815,0.07970494,0.18681909
0.23938575,0.104840815,0.27373838
0.2955841,0.09792358,0.27624723
0.3635864,0.08725932,0.049721718
0.20214713,0.121445656,0.14254998
0.25907722,0.14170867,0.21538788
0.3088766,0.13771015,0.20778652
0.3514026,0.13495165,0.0
0.23386946,0.15999591,0.0849368
0.28163275,0.17263997,0.14035073
0.3226929,0.1690206,0.12807797
0.51795816,0.17168748,0.32516074
0.45716953,0.10598028,0.40328696
0.3295889,0.060309112,0.35492182
0.19849783,0.047258615,0.30660436
0.09873128,0.04332757,0.25795355
0.37126446,7.997155E-4,0.15474188
0.18351907,0.0012672544,0.1634511
0.07922891,0.004082799,0.17496866
0.0,0.0,0.16528848
0.37685406,0.04254067,0.093110174
0.16701007,0.052455544,0.1550428
0.21128398,0.07709253,0.27595773
0.27351022,0.074049115,0.301996
0.36915255,0.094401956,0.044662476
0.17256492,0.09919578,0.12460309
0.22925127,0.11906004,0.24159767
0.28948766,0.11689448,0.26123813
0.35228115,0.14539272,0.0
0.20668507,0.14609617,0.074099064
0.25380605,0.15698391,0.14993657
0.30410236,0.15517867,0.15206808
0.536422,0.16491371,0.17897575
0.5249231,0.0980171,0.26452228
0.43748978,0.04916972,0.26192808
0.3424829,0.039810628,0.26714668
0.2785395,0.047106624,0.2663607
0.386988,0.014404893,0.045556426
0.19540784,0.0013513565,0.078877136
0.085498184,0.0012780726,0.0939872
0.0,0.0,0.08101343
0.3590801,0.05656302,0.015517846
0.18471193,0.054554045,0.121548004
0.22855538,0.06926221,0.22802442
0.28703216,0.06706637,0.2407618
0.33815882,0.10552329,0.004609257
0.2020509,0.09785199,0.12973383
0.25085753,0.109015584,0.20346205
0.3027865,0.11331415,0.18227588
0.32266685,0.15331614,0.0
0.2365236,0.13607877,0.10507288
0.28024355,0.14209014,0.15537585
0.31577906,0.14690363,0.13394421
0.60457337,0.113945246,0.14826109
0.50924957,0.05387181,0.27229843
0.4157338,0.03389293,0.28686962
0.32876337,0.03881085,0.28577378
0.26856893,0.055934608,0.27475563
0.3360284,0.0020430088,0.11098234
0.16660947,0.0,0.14276032
0.07282677,0.00994283,0.14998299
0.0,0.020842552,0.1469242
0.33162957,0.039392173,0.057643764
0.20231783,0.07386941,0.15269819
0.25324583,0.08269143,0.20131446
0.29271173,0.07023823,0.1829789
0.33866614,0.08442217,0.023628898
0.23393017,0.108376026,0.1262413
0.286762,0.1096043,0.15203732
0.3258235,0.10137361,0.116564184
0.35243106,0.13007504,0.0
0.26532012,0.13631243,0.081999786
0.3123449,0.13453323,0.10642688
0.35176402,0.13002813,0.08216079
0.55886614,0.12512636,0.20620044
0.469759,0.06924015,0.28978327
0.35829908,0.04847753,0.26709038
0.24732345,0.05531043,0.23848093
0.16991878,0.07221478,0.20438911
0.33300883,0.005689323,0.10780479
0.16616559,0.0,0.1260579
0.07119298,0.004362464,0.13463455
0.0,0.0076639056,0.13204926
0.33245957,0.04520619,0.058937564
0.18039328,0.068719864,0.13937137
0.22359478,0.07998723,0.21009779
0.2663803,0.07100701,0.20965423
0.33336157,0.09191549,0.025940418
0.20271403,0.10612345,0.119633384
0.25483453,0.10897559,0.174098
0.29777104,0.1030516,0.15923622
0.33783048,0.13768697,0.0
0.23811132,0.13388467,0.078632995
0.2811846,0.13098907,0.118751764
0.3199277,0.12878984,0.102622464
0.6439626,0.14940676,0.21083151
0.5414794,0.09602347,0.35936987
0.41177124,0.0794045,0.3665852
0.298152,0.09172642,0.34054664
0.23552018,0.10951334,0.30638728
0.35782743,0.007716596,0.21707614
0.18845671,0.0020836294,0.24374563
0.08557144,0.0014329255,0.2468631
0.0,0.0,0.22881266
0.35714912,0.036975056,0.13046078
0.21057728,0.0910297,0.21861587
0.26731062,0.10802144,0.2727546
0.31771728,0.09455609,0.26285124
0.35775113,0.08155,0.060478166
0.23413062,0.13215122,0.16434447
0.29734367,0.14100102,0.20536543
0.34284112,0.12911564,0.18457228
0.36112833,0.12747169,0.0
0.27568287,0.16685769,0.08150354
0.33015707,0.17492393,0.1161771
0.3713643,0.16843882,0.09695832
0.52466893,0.10979265,0.16716017
0.4817635,0.055205762,0.28063178
0.39862564,0.025350988,0.29818848
0.31806198,0.022728026,0.30445117
0.26174334,0.03171271,0.30509788
0.33391854,0.0025765896,0.09057308
0.16626891,0.0,0.095698155
0.07057616,0.006565988,0.11333568
0.0,0.009767473,0.12018064
0.31716254,0.041101396,0.046702348
0.13474593,0.031538785,0.088817604
0.14190724,0.0472669,0.1961499
0.18544498,0.05632937,0.26256737
0.31112745,0.08756453,0.018618435
0.14578184,0.07668978,0.070261344
0.15891424,0.08671355,0.16948193
0.2023454,0.09358555,0.22446199
0.3117601,0.1362794,0.0
0.18437627,0.11868358,0.04301428
0.19309166,0.117121875,0.10865193
0.2309632,0.12194008,0.1474691
0.52058125,0.091775715,0.25786212
0.45586106,0.036620438,0.34473616
0.36291698,0.010417402,0.33239803
0.27875385,0.013568699,0.31602812
0.22142157,0.02752161,0.29433325
0.32749566,0.0,0.08225389
0.16057083,0.0046136975,0.05308421
0.06626728,0.014210701,0.053223744
0.0,0.024014473,0.04904954
0.32229915,0.041207492,0.044205576
0.13744637,0.041250825,0.06763093
0.15451464,0.05143118,0.18567076
0.20408198,0.056663275,0.2548354
0.3250167,0.08876783,0.019030645
0.15580872,0.0858382,0.05938174
0.17621678,0.09053451,0.17022534
0.2223151,0.09380013,0.225851
0.3324947,0.13454503,0.0
0.19918987,0.12664723,0.040526524
0.20414552,0.12170994,0.1098966
0.23721793,0.121221185,0.14449398
0.497169,0.1409027,0.0757695
0.47688523,0.08326149,0.2341164
0.41174558,0.047204375,0.29047376
0.34342602,0.0370211,0.33162504
0.29729244,0.04009509,0.3741046
0.31742236,0.0107623935,0.10623385
0.15207395,0.0,0.16224377
0.06417245,0.0021629333,0.2123209
0.0,4.8440695E-4,0.24043867
0.2843785,0.043046117,0.053731542
0.113682896,0.024451196,0.14258704
0.12740347,0.04262775,0.25840306
0.16950151,0.053417087,0.32040483
0.26464537,0.08676654,0.022051044
0.11349133,0.06644285,0.10878627
0.13243082,0.08225632,0.21546678
0.17230985,0.09391326,0.27012098
0.25374725,0.13535088,0.0
0.13368326,0.110637724,0.06973098
0.15169531,0.11466992,0.14397104
0.18913695,0.12488723,0.18510127
0.54950273,0.119395494,0.15772499
0.49633458,0.056714952,0.2762234
0.41111723,0.017982364,0.290145
0.32005528,0.0,0.29887584
0.25398868,0.0019330978,0.30911028
0.33030972,0.028169215,0.052249692
0.1523763,0.024837792,0.09159711
0.06622824,0.032406032,0.1421451
0.0,0.036893427,0.17462914
0.3030546,0.071210146,0.0143172145
0.12075099,0.056527674,0.08751239
0.1438492,0.057881713,0.2160236
0.19248825,0.06048411,0.2885118
0.29420897,0.11753273,0.0029138923
0.13264397,0.09826207,0.08794943
0.1585502,0.09838611,0.21236274
0.20611092,0.10300034,0.27245513
0.29991183,0.16249174,0.0
0.17003268,0.1441437,0.07875994
0.1850991,0.13687235,0.16872576
0.22613853,0.14016241,0.21481872
1.0,0.33567482,0.41729397
0.8979059,0.20499207,0.66654634
0.7188715,0.12492856,0.663729
0.5508983,0.09821073,0.6378025
0.42751822,0.10360904,0.58847654
0.6627755,0.028259473,0.29479444
0.3351998,0.0,0.34740308
0.14623936,0.0069186497,0.37829572
0.0,0.018453069,0.37136254
0.6533865,0.09105745,0.16916224
0.32605314,0.13214175,0.3305729
0.41005197,0.17260823,0.49311233
0.5107571,0.15853512,0.50435704
0.6319364,0.17408983,0.07477826
0.35632825,0.2075503,0.27391857
0.4502088,0.23849857,0.38908744
0.54032505,0.23059772,0.35738245
0.60585827,0.25699002,0.0
0.4080493,0.2840569,0.19094472
0.4939712,0.30580884,0.28968322
0.5670031,0.3004827,0.27328172
1.0,0.28335014,0.2495155
0.91975147,0.15153764,0.38269985
0.7308883,0.07704881,0.387132
0.52928877,0.06628241,0.3957538
0.3800212,0.0778009,0.39250037
0.6614148,0.014002561,0.07109109
0.34154916,0.0,0.13320222
0.15238956,0.005264621,0.15525231
0.0,0.009168404,0.13228707
0.6200564,0.09314538,0.026343541
0.35397315,0.10400715,0.20926638
0.4423916,0.12368855,0.34553507
0.5393039,0.110709175,0.33760315
0.5963,0.18325257,0.00879147
0.39937443,0.1834953,0.22310178
0.49720314,0.19389667,0.31634712
0.5855399,0.19092458,0.26965162
0.5835112,0.27000642,0.0
0.46704313,0.2540474,0.17638122
0.5514125,0.25679144,0.24167475
0.6161526,0.25654295,0.19863607
1.0,0.28894365,0.521457
0.94734985,0.14094473,0.5488403
0.7416579,0.03157648,0.4704467
0.5152637,0.0,0.42659706
0.36926913,0.026441092,0.37229162
0.71644884,0.09083635,0.030922974
0.34662166,0.07113199,0.0
0.13860802,0.06454157,0.015541303
0.0,0.06559987,0.03306082
0.6771244,0.19373804,0.04720317
0.31233463,0.13273999,0.18830928
0.3802826,0.11680686,0.46567523
0.48731923,0.11553749,0.5927701
0.6436784,0.2869542,0.091035254
0.32377377,0.19514841,0.25756454
0.39240018,0.17367466,0.47586313
0.48115262,0.1839212,0.53354573
0.6119457,0.36351666,0.13549617
0.3842301,0.26502475,0.2976724
0.43205833,0.23834492,0.45222875
0.50117964,0.25202698,0.50053716
1.0,0.35373652,0.6306588
0.9058218,0.20500065,0.7532954
0.6934516,0.10293261,0.646612
0.46305466,0.06578845,0.5579411
0.2900869,0.06304402,0.4567825
0.75018966,0.04809602,0.19118804
0.36842954,0.004483977,0.19584581
0.15498425,0.0030525397,0.25187835
0.0,0.0,0.26890206
0.72712207,0.14571801,0.10553814
0.30273953,0.10380039,0.23513171
0.37290508,0.14306517,0.5278788
0.49446425,0.1499897,0.6293099
0.68880814,0.25346717,0.050603613
0.30349198,0.19627233,0.23378943
0.38264424,0.22126898,0.49490544
0.4936166,0.23683494,0.5505723
0.6412429,0.35544476,0.0
0.34667102,0.28783038,0.17808624
0.41530976,0.29112628,0.3513415
0.5055966,0.30360106,0.3689332
1.0,0.30003756,0.45748225
0.9085702,0.16974309,0.64513874
0.7282874,0.09101557,0.6253977
0.54592234,0.07287476,0.6005258
0.40407693,0.0811985,0.55775553
0.6824808,0.023765178,0.18075635
0.32694858,0.0,0.17909633
0.13231553,0.0018441118,0.21690096
0.0,0.0014299726,0.23009191
0.6405354,0.1061967,0.09844981
0.26661485,0.08920531,0.23005705
0.30526602,0.1307692,0.4859291
0.40042433,0.14022055,0.58547205
0.59979475,0.20743385,0.042751163
0.27444622,0.18310118,0.20022424
0.3305791,0.21144791,0.4200837
0.42854434,0.22183512,0.4825096
0.5647971,0.30702046,0.0
0.29846382,0.26336023,0.124783635
0.33284375,0.26376086,0.26934484
0.4130058,0.26789322,0.2991476
1.0,0.28286356,0.0
0.8647863,0.12524457,0.26780346
0.68492955,0.05865486,0.36574507
0.5345077,0.037257828,0.4252643
0.44134063,0.040091578,0.4417252
0.44261226,0.083526686,0.14671804
0.18824035,0.02630771,0.2589681
0.07430155,0.007442969,0.30225226
0.0,0.0,0.31621617
0.38431126,0.15922229,0.06480498
0.36810297,0.06859049,0.27685046
0.46384946,0.0553037,0.2918054
0.5378335,0.07623058,0.21962844
0.39496085,0.22016923,0.0279829
0.43856883,0.14332938,0.30769745
0.53028923,0.13671371,0.29956847
0.6057846,0.15795188,0.19434573
0.43211323,0.26576456,0.0033633525
0.45991877,0.19974509,0.24546938
0.53664327,0.18844533,0.2809163
0.5879199,0.20429213,0.23558486
1.0,0.24177267,0.16359778
0.8802461,0.10259379,0.31207108
0.6881987,0.03571903,0.3515233
0.5037278,0.025162946,0.39363334
0.3732006,0.04383884,0.41984034
0.59006006,0.010241626,0.024595942
0.25746703,0.0,0.11491367
0.10449681,0.01837132,0.1909811
0.0,0.039161097,0.2189069
0.54468673,0.09296175,0.0
0.32355577,0.070809364,0.1899959
0.3942274,0.073969334,0.3213724
0.4704873,0.071294725,0.3242986
0.5266076,0.17650254,0.012427693
0.36800545,0.14089708,0.2659871
0.44308123,0.13709398,0.3559887
0.52726084,0.14350437,0.3141734
0.5223733,0.24921362,0.033553712
0.4257876,0.1962837,0.2528648
0.48867553,0.18691486,0.32512724
0.5476391,0.19696972,0.3016504
1.0,0.4258409,0.40265715
0.88895464,0.27921608,0.62711066
0.72624093,0.18820584,0.6238765
0.55106825,0.1499571,0.60533094
0.4109739,0.15008907,0.56887984
0.67065156,0.1162334,0.18517603
0.34259424,0.04122017,0.21596175
0.14481607,0.014835393,0.23930486
0.0,0.0,0.2355582
0.61245245,0.19291632,0.09641943
0.29028058,0.18386118,0.2943267
0.35987476,0.22392198,0.50248903
0.458674,0.22406721,0.5508704
0.5647476,0.28980753,0.040870175
0.3125332,0.27111402,0.27211094
0.39756903,0.2976646,0.4079407
0.4905175,0.30304104,0.3871717
0.5257972,0.38612238,0.0
0.35628667,0.34436348,0.19442265
0.43707535,0.36133948,0.28706932
0.5130682,0.37371293,0.26519617
1.0,0.32707858,0.0756502
0.93455815,0.16417614,0.22232021
0.76424414,0.07343925,0.29434934
0.5968949,0.04135357,0.37728673
0.4730827,0.038184542,0.4397496
0.5715403,0.071632676,0.0
0.27089778,0.0144867,0.08841349
0.11336502,0.0,0.16759326
0.0,0.0023165483,0.22157511
0.49150005,0.15460627,0.011587156
0.3973749,0.087076224,0.25628522
0.4824182,0.07005055,0.37644175
0.5735376,0.07313939,0.38239774
0.47749734,0.23121665,0.059459504
0.4438639,0.16216803,0.34369367
0.5166996,0.1503479,0.4085429
0.5989617,0.16238356,0.36865956
0.49071735,0.29379782,0.115970686
0.47277737,0.2265477,0.35367614
0.5305527,0.21626271,0.41737926
0.5842273,0.22711645,0.40351996
1.0,0.17693913,0.40121397
0.82698405,0.091637485,0.59223765
0.62576777,0.055486258,0.5752761
0.4533515,0.06445529,0.54424673
0.32938564,0.09297949,0.505928
0.584286,0.0,0.1963173
0.29030108,0.0074611465,0.19972184
0.12324434,0.023547744,0.2044189
0.0,0.03343034,0.1966822
0.5938041,0.06735499,0.11043037
0.29175058,0.11325294,0.24283756
0.35908273,0.14054039,0.44169068
0.44168097,0.1317221,0.5022183
0.6092076,0.15098953,0.04865053
0.33648932,0.18553205,0.2130505
0.42119125,0.1992965,0.3818362
0.51349145,0.19339578,0.4062739
0.6255392,0.23514365,0.0
0.3933428,0.24651514,0.14593719
0.45508033,0.24887052,0.2707158
0.5381074,0.24688873,0.28836295
1.0,0.11053296,0.32036027
0.83089924,0.03170058,0.5406906
0.63196474,0.01853993,0.5681625
0.46160486,0.04677982,0.578837
0.34430063,0.08255684,0.57440037
0.5558395,0.0,0.14056471
0.2706733,0.030131845,0.1634064
0.11223632,0.053744502,0.20937245
0.0,0.067522824,0.24172442
0.57025653,0.071976356,0.068306684
0.29907867,0.12995209,0.2375578
0.356887,0.14046569,0.48034456
0.43646026,0.12619807,0.5974043
0.6061481,0.15264419,0.027290354
0.3674622,0.19742796,0.21629634
0.43767315,0.1953253,0.42218566
0.523915,0.18229038,0.4922436
0.64925396,0.2300429,0.0
0.45584735,0.25095963,0.15703745
0.4937675,0.24215086,0.29982132
0.5583054,0.23479953,0.3485602
1.0,0.25438002,0.2862931
0.838943,0.1554545,0.5557159
0.6684192,0.11442671,0.6084921
0.51756585,0.113860585,0.62179065
0.41164696,0.14204837,0.6135116
0.5605659,0.05016191,0.23226401
0.28307992,0.0073530576,0.23792794
0.11744266,0.0,0.23842013
0.0,3.5483166E-4,0.23593938
0.54168683,0.11134611,0.13176847
0.27041417,0.14395963,0.29093298
0.33186328,0.18008018,0.4708835
0.4113133,0.17918116,0.53090537
0.5404615,0.19351695,0.056655247
0.30271587,0.2212359,0.22588356
0.38588193,0.24143223,0.36247107
0.48119318,0.2396729,0.3886476
0.55020607,0.28159767,0.0
0.34902614,0.28743038,0.13297196
0.41467136,0.29539853,0.2280756
0.49848267,0.29714465,0.24201533
1.0,0.35187423,0.23110561
0.9366066,0.19926256,0.38332692
0.7801997,0.10601125,0.42305407
0.5963743,0.06338496,0.47833225
0.45718998,0.056311745,0.5291661
0.6532995,0.100604,2.2148623E-4
0.3172071,0.043158468,0.042857185
0.13665248,0.016580375,0.095238134
0.0,0.0,0.12427768
0.5661598,0.18503006,0.0
0.2820574,0.12633649,0.17567351
0.34401247,0.12065118,0.41793782
0.43392858,0.11914711,0.5385596
0.5166026,0.2682251,0.028186133
0.29874456,0.19928971,0.23572305
0.36851242,0.18538958,0.43499678
0.45528758,0.19038518,0.5086861
0.492995,0.34170076,0.06881725
0.35571745,0.2695505,0.27398705
0.41066462,0.24847291,0.41755033
0.47625464,0.25336808,0.46776998
1.0,0.14057669,0.4261493
0.87859243,0.037320796,0.49232727
0.67288876,0.0,0.46709394
0.4847573,0.029598154,0.46384874
0.36613908,0.063442335,0.45601514
0.6011071,0.011265096,0.04175625
0.29052103,0.061097488,0.0
0.120683424,0.09657447,0.015218985
0.0,0.12886027,0.03700356
0.60733527,0.10002464,0.057356987
0.30102885,0.13301365,0.14302653
0.2785258,0.12811342,0.3675412
0.28921202,0.11867817,0.49804273
0.63269943,0.18581831,0.10237417
0.35831323,0.1954916,0.24946463
0.3957645,0.17480099,0.47207642
0.45729092,0.16120605,0.5700206
0.6630299,0.2588017,0.14826562
0.44370264,0.2429542,0.3055388
0.46427727,0.21774243,0.46424714
0.5172367,0.20673746,0.5385172
1.0,0.10273957,0.3827996
0.81578577,0.04432669,0.6531671
0.6264752,0.038136385,0.69515675
0.48258215,0.06427278,0.70323384
0.3970136,0.10066166,0.692236
0.5331176,0.0,0.24131222
0.256414,0.014970788,0.23174182
0.103178985,0.042599328,0.23448338
0.0,0.06505258,0.2329435
0.56140715,0.05540573,0.13617268
0.30365562,0.138947,0.28680655
0.3772437,0.16290624,0.5079302
0.45648494,0.14869723,0.5988382
0.6096435,0.12982881,0.058880243
0.36761406,0.20988408,0.21322295
0.45123878,0.21827552,0.3987158
0.53971416,0.19832891,0.45748314
0.66392636,0.20782115,0.0
0.46058053,0.26777214,0.12318569
0.50696874,0.26953414,0.24893935
0.5731195,0.2555902,0.28930107
1.0,0.17654994,0.36226952
0.8420795,0.10408939,0.6380718
0.6675853,0.0805758,0.69279927
0.5355771,0.09752521,0.7141999
0.45316115,0.12670495,0.7217814
0.54812425,0.038377963,0.26445952
0.27440107,0.01081941,0.23337324
0.110042706,0.0070875594,0.2099205
0.0,0.0,0.19406162
0.55301714,0.09614013,0.15495013
0.25498965,0.14820267,0.27191427
0.32053575,0.1875543,0.47797975
0.41688174,0.18229988,0.57266915
0.582208,0.17416102,0.06674274
0.31388283,0.22632864,0.18663712
0.39950338,0.24589768,0.36681604
0.49894285,0.23250683,0.43900734
0.62452924,0.25822738,0.0
0.40287647,0.29191,0.10265196
0.455686,0.29841992,0.22458611
0.5327922,0.28794712,0.27301055
1.0,0.25073585,0.17734171
0.86614275,0.15204692,0.43221778
0.6887993,0.11178826,0.5148643
0.54220206,0.117455624,0.5668876
0.43822762,0.14189805,0.611101
0.55861723,0.07207337,0.11371054
0.28019693,0.027063742,0.12030829
0.11393496,0.010749952,0.14465813
0.0,0.0,0.16903232
0.5258373,0.14659725,0.053637926
0.22956447,0.16462366,0.2170337
0.26699716,0.19349335,0.44247282
0.34814885,0.19311212,0.5624379
0.522513,0.23181355,0.017995363
0.27593985,0.24540986,0.20140709
0.34296748,0.25601336,0.3916414
0.43472955,0.2479792,0.47198844
0.5435658,0.31467447,0.0
0.3599775,0.3070743,0.16467397
0.40231404,0.3029394,0.2933733
0.47342527,0.29742062,0.34548682
1.0,0.24384274,0.0041748397
0.8535187,0.13361157,0.27964222
0.6842625,0.09182885,0.4017922
0.55104667,0.09654718,0.4941764
0.47725996,0.12677069,0.5662212
0.4820598,0.06111586,0.05154532
0.22554325,0.0139556825,0.1512805
0.08762429,0.0019742858,0.22000223
0.0,0.0,0.2575842
0.44150418,0.13745499,0.0043735127
0.30713412,0.16658413,0.30004492
0.3882383,0.1799589,0.43078336
0.47035402,0.17120789,0.42592323
0.45059246,0.22012691,0.0
0.3809836,0.24179003,0.29410622
0.4550196,0.24253939,0.34426832
0.5262757,0.23420657,0.28138113
0.48239323,0.2978888,0.009618052
0.43203935,0.30091277,0.23569052
0.50056916,0.29681817,0.27923486
0.5519599,0.29180476,0.24482174
1.0,0.2751517,0.03274079
0.8434816,0.16536322,0.2703751
0.66520345,0.11943005,0.36243442
0.5288329,0.11859369,0.4171502
0.43982914,0.13784751,0.44253635
0.5050608,0.08744985,0.062030043
0.24438208,0.033642337,0.12240331
0.100712046,0.011775656,0.1517512
0.0,0.0,0.15783493
0.46566176,0.16176875,0.014720304
0.3632491,0.15055923,0.24516357
0.44168913,0.15401894,0.33277562
0.5286153,0.14876331,0.3158233
0.4738728,0.24089117,0.0025700654
0.422717,0.23104797,0.2518734
0.4989794,0.22713573,0.28168404
0.58175236,0.22480775,0.21632692
0.4985896,0.315082,0.0
0.45972496,0.29684004,0.19775127
0.5267297,0.28947935,0.22834577
0.58364826,0.28971294,0.19793852
1.0,0.26985785,0.20758194
0.8788368,0.16311668,0.47432494
0.7180054,0.117527805,0.56245923
0.57574993,0.1194806,0.6167856
0.4753971,0.14390041,0.6615339
0.59149677,0.09026556,0.12575428
0.2936617,0.030999957,0.116265334
0.11922021,0.011416705,0.14114688
0.0,0.0,0.17286052
0.55272776,0.16569531,0.055184707
0.2149352,0.1395405,0.16300264
0.20279656,0.16584195,0.37503284
0.26212665,0.18135162,0.5138849
0.54295945,0.24982332,0.013983257
0.2393097,0.22688049,0.12812737
0.2632422,0.23774566,0.32555678
0.3468947,0.2403945,0.44684806
0.5552827,0.3363265,0.0
0.3217046,0.31807137,0.11471754
0.33339983,0.31473833,0.26187384
0.40289995,0.31379315,0.36493808
1.0,0.20463443,0.71445674
0.8337126,0.09723589,0.8416523
0.62222284,0.062200136,0.79135096
0.4464465,0.06737392,0.73702884
0.3213385,0.09111347,0.66466373
0.61212116,0.042376522,0.20845155
0.32815304,0.0,0.03240408
0.12873958,0.008671195,0.0
0.0,0.029045548,0.010422669
0.63676184,0.12500963,0.13988872
0.23618618,0.14437596,0.062825784
0.1413744,0.17613761,0.27243692
0.17839171,0.19443178,0.4607495
0.66822517,0.22005476,0.10048838
0.28720358,0.24947381,0.04232438
0.23028748,0.25733677,0.23258017
0.27823177,0.2530063,0.39671645
0.70257485,0.31319484,0.07183059
0.40599567,0.34292358,0.034661382
0.3498372,0.33437264,0.12169425
0.372685,0.31435907,0.22027418
1.0,0.24043648,0.050209723
0.89536345,0.10930631,0.258448
0.72560024,0.048752837,0.34403652
0.58728766,0.040650442,0.41256115
0.47651294,0.05287663,0.462629
0.5497522,0.009231493,0.04438633
0.2569961,0.0,0.12406876
0.10404127,0.011542458,0.18507183
0.0,0.026735086,0.2217323
0.499673,0.08520924,0.004098414
0.36588523,0.09425813,0.23618029
0.4416532,0.101630315,0.35163152
0.5203414,0.09148889,0.34499237
0.4964103,0.16589025,0.0
0.4339367,0.16318178,0.24321447
0.50473326,0.16592522,0.28789708
0.5784075,0.16492777,0.22822796
0.5147988,0.23906647,0.0084061315
0.48228306,0.22221589,0.20230053
0.5437829,0.22005183,0.23479882
0.59688044,0.22041778,0.19296357
1.0,0.14568684,0.10925845
0.852587,0.04108933,0.2880338
0.6740276,0.0,0.34024325
0.52255714,0.010572253,0.37786174
0.42756134,0.036843605,0.39603797
0.50450045,0.012720492,0.04311531
0.22917339,0.008112269,0.09130063
0.09096807,0.015036961,0.13760361
0.0,0.024143456,0.15819624
0.48103938,0.09320098,0.0049091536
0.3755594,0.08189254,0.20295379
0.4425498,0.06722124,0.2967619
0.5218597,0.05304882,0.2822101
0.506972,0.16661581,0.0
0.46917325,0.14261566,0.22446981
0.53417444,0.13233045,0.2542363
0.6061118,0.12765296,0.18619186
0.54834974,0.22654508,0.0051511875
0.53034085,0.1975856,0.1962564
0.5878912,0.18705536,0.2227391
0.6354272,0.18590775,0.17780669
1.0,0.2616851,0.1594427
0.8953734,0.11485801,0.31958345
0.7230042,0.035113312,0.36300036
0.53955305,0.009463534,0.4066553
0.4063244,0.014437593,0.44145006
0.6045715,0.027315654,0.021633262
0.27332687,3.7209236E-4,0.11434803
0.11110828,0.0,0.20196794
0.0,0.0025676421,0.25457057
0.53853387,0.11186977,0.0
0.3346194,0.07340364,0.2298321
0.39960998,0.070434876,0.4100872
0.47816724,0.06519598,0.45140234
0.5087319,0.19553441,0.016099028
0.37604338,0.14158991,0.2816651
0.4420628,0.1379603,0.39475396
0.51904684,0.14514801,0.37500298
0.49677333,0.26771224,0.040433396
0.40977034,0.20868027,0.26457438
0.47024253,0.20008697,0.35273576
0.5294178,0.21030618,0.34138715
1.0,0.20382914,0.19249557
0.88475454,0.07576477,0.37468722
0.7113884,0.017487328,0.41635624
0.5459004,0.013206803,0.45611337
0.4255389,0.030226083,0.48274627
0.60148686,0.0068249498,0.032545477
0.27898353,0.0,0.0790045
0.112837374,0.007421601,0.12193668
0.0,0.01780889,0.13910525
0.5623137,0.092439614,0.0
0.35976094,0.08303282,0.20654796
0.43225822,0.084918,0.37800476
0.5112337,0.07869303,0.41023886
0.5595449,0.1765863,0.0029890018
0.42214465,0.14762464,0.24136464
0.49903348,0.14600009,0.35389757
0.57782185,0.14943591,0.32906282
0.57169783,0.2505998,0.018173637
0.48464856,0.20670396,0.21370658
0.5485329,0.1995246,0.29021555
0.60509825,0.20831852,0.27045807
1.0,0.29128996,0.41016647
0.85463125,0.18701665,0.60805464
0.6630994,0.13151869,0.60136586
0.49675256,0.12658471,0.5805606
0.3798797,0.14780627,0.54094905
0.6161791,0.04579987,0.20463192
0.3169784,0.010947797,0.23694284
0.13787933,0.0034980178,0.24866325
0.0,0.0,0.22830795
0.6020504,0.114346266,0.11100232
0.31429037,0.15001014,0.27019465
0.39560762,0.1789728,0.42951125
0.481891,0.16463116,0.44467685
0.5931536,0.19944751,0.047175825
0.34750193,0.2240592,0.24212024
0.4401231,0.23925547,0.35201314
0.5251613,0.229827,0.32239994
0.5904757,0.28361055,0.0
0.419414,0.28710815,0.16386572
0.5040777,0.2955561,0.24589142
0.5761342,0.2921208,0.2192643
1.0,0.25525928,0.22944261
0.8713723,0.1555112,0.48821092
0.7071094,0.108766384,0.5437428
0.5648685,0.10996668,0.55590695
0.46730044,0.13946915,0.54362124
0.5767426,0.024628999,0.22414933
0.30052364,0.0014100124,0.27726185
0.13053511,0.0,0.2849443
0.0,0.0028323925,0.26032546
0.54723424,0.07917745,0.120944574
0.3291081,0.15447658,0.30638927
0.41444728,0.18166557,0.4066062
0.49893975,0.1631805,0.3911868
0.5355618,0.15760815,0.052659098
0.38206938,0.22514439,0.2610767
0.47697917,0.23706292,0.30495238
0.55789864,0.22089441,0.2477866
0.5325485,0.23679177,0.0
0.4501067,0.28401604,0.15923654
0.54195863,0.29393464,0.1988553
0.6055908,0.28303358,0.15758991
1.0,0.30069354,0.14746153
0.8943743,0.17137125,0.36670214
0.7318918,0.105305806,0.42029315
0.58312356,0.0947196,0.4458417
0.4767129,0.112667896,0.439716
0.57224476,0.04896449,0.10310955
0.29727045,0.009591949,0.15314841
0.12637511,0.0,0.17652053
0.0,6.43259E-4,0.16380529
0.5098829,0.12514803,0.040652107
0.3977747,0.14042906,0.25600812
0.476431,0.15493287,0.3534114
0.56420994,0.14756095,0.32776025
0.49547303,0.21238832,0.014782593
0.4510415,0.22271933,0.25449103
0.5319435,0.23384763,0.27851808
0.61080885,0.23389865,0.19485494
0.4993964,0.29492208,0.0
0.4805712,0.28826118,0.18023826
0.5560353,0.29737163,0.19527066
0.6104064,0.302325,0.13533913
1.0,0.32694474,0.44228715
0.88938856,0.19459824,0.6139731
0.70707893,0.1146308,0.5736956
0.5167795,0.09509964,0.53616714
0.3795665,0.111866996,0.4899218
0.68174773,0.02911595,0.17188497
0.3365714,0.0,0.21494924
0.14243384,0.0016207198,0.2620592
0.0,0.003898672,0.27072492
0.6564451,0.10896365,0.088751495
0.297738,0.11513908,0.24803668
0.37390244,0.14989333,0.45202324
0.47808635,0.14196815,0.48537207
0.63046587,0.20430778,0.036053892
0.3276105,0.20112513,0.23990935
0.42300466,0.22145365,0.39785925
0.52753276,0.22128455,0.3846825
0.60782754,0.29625767,0.0
0.38668433,0.27447313,0.17242998
0.4733041,0.28282812,0.27498984
0.5607693,0.28564644,0.2496146
1.0,0.24396388,0.23287885
0.89978427,0.11365592,0.39408988
0.71930766,0.048216265,0.41626638
0.5469648,0.041551095,0.44281086
0.42314222,0.060517013,0.4617699
0.61768234,0.0021837663,0.0586462
0.2951276,0.0,0.12387247
0.12407249,0.013247506,0.17308044
0.0,0.021721141,0.18808958
0.5810339,0.08320932,0.014954719
0.31363538,0.09134322,0.20856704
0.38645217,0.10355694,0.3846083
0.4736664,0.08971887,0.41676897
0.57038236,0.17133576,0.002442807
0.36641738,0.16469201,0.22384219
0.4450179,0.16718459,0.33894166
0.5291829,0.163401,0.31973705
0.5744521,0.25242803,0.0
0.45274645,0.2230215,0.19070512
0.5212128,0.21793462,0.26792037
0.5812625,0.21869816,0.24319911
1.0,0.30024913,0.37823108
0.89673513,0.17692177,0.5470195
0.70606947,0.102457754,0.53322774
0.5147848,0.09137605,0.5229395
0.38156843,0.11212908,0.490127
0.67552805,0.021718036,0.14228678
0.33959988,0.0,0.1959541
0.14651985,0.0050061936,0.23408923
0.0,0.009486297,0.23180479
0.6481809,0.100599706,0.07091727
0.32446843,0.11196188,0.2573183
0.40603834,0.14033556,0.46177045
0.5071684,0.12997957,0.49748984
0.6248163,0.19266732,0.02934942
0.34985375,0.19047649,0.24437343
0.4459798,0.20839345,0.38948432
0.5472758,0.20944299,0.37183738
0.6051937,0.28151655,0.0
0.42123964,0.25989786,0.18302093
0.5072339,0.26667437,0.27341443
0.5837994,0.27062365,0.2397866
1.0,0.2888461,0.5858254
0.8387514,0.1616878,0.72064114
0.6116715,0.09266431,0.6276441
0.3908365,0.07447105,0.5413888
0.22745445,0.08018619,0.45271233
0.6550716,0.0,0.23147218
0.32004726,0.004259654,0.22922404
0.13768923,0.019201174,0.25180638
0.0,0.029555148,0.24677607
0.67757994,0.08243317,0.13637593
0.2981421,0.11585381,0.25310093
0.37137502,0.15075369,0.47414666
0.4720497,0.13767974,0.5240086
0.6867631,0.18055698,0.06555517
0.34586546,0.20059486,0.24541949
0.439913,0.2241167,0.45460767
0.5430478,0.21400525,0.47622448
0.6831204,0.27531558,0.0
0.41800755,0.2765817,0.17347407
0.49718043,0.28589392,0.3116255
0.58395827,0.2786637,0.3075888
1.0,0.20623781,0.41420415
0.8998573,0.08497121,0.4499396
0.6821716,0.01955925,0.38377297
0.46117216,0.021786597,0.34607103
0.30805743,0.04981424,0.30168608
0.6749904,0.0041122143,0.0073788823
0.34141693,0.0,0.01206904
0.1522975,0.014898203,0.022652522
0.0,0.0283636,0.014273039
0.65817815,0.09853698,0.0
0.3454451,0.071306564,0.11940359
0.40348256,0.07084018,0.29314262
0.48599032,0.06458889,0.32609263
0.6506942,0.18978487,0.023644593
0.37405598,0.137308,0.21341494
0.45010495,0.12884344,0.37455255
0.54009575,0.1326905,0.38314652
0.6444408,0.26833642,0.04113766
0.4580223,0.19681044,0.23006228
0.51795924,0.1770197,0.3523842
0.58245134,0.1832109,0.3573229
1.0,0.13615853,0.18988709
0.86394835,0.036644697,0.4011101
0.7029765,0.0,0.48587024
0.5714393,0.018049534,0.5556709
0.50330186,0.046033215,0.63037753
0.5474004,0.007848713,0.09037351
0.2644892,0.005767927,0.11399249
0.10346734,0.009602001,0.14708498
0.0,0.011923459,0.16709265
0.53979117,0.08256354,0.036573913
0.28417084,0.11402875,0.16519798
0.3358216,0.13272183,0.35208303
0.41873303,0.13447034,0.44512388
0.55883616,0.16410416,0.010098851
0.32699695,0.1946799,0.13182537
0.38416258,0.20240805,0.29083526
0.464855,0.19934095,0.36183095
0.6001733,0.24322027,0.0
0.41117316,0.25959024,0.0933004
0.4533438,0.25573802,0.20017445
0.5200539,0.25236812,0.25336307
1.0,0.17177942,0.15038389
0.90105975,0.05645747,0.31926683
0.7362574,0.0,0.38567206
0.57594573,0.0047713807,0.4557295
0.4858232,0.024343554,0.5327306
0.5790303,0.016507974,0.024007106
0.2794954,0.017553424,0.07189972
0.11411214,0.015892535,0.10911054
0.0,0.016748901,0.124082096
0.5524475,0.096430436,0.0
0.2833304,0.106344424,0.16962594
0.3376174,0.1106139,0.38182747
0.41697526,0.109204784,0.47593257
0.5543441,0.17786266,0.0019218727
0.32792377,0.17636059,0.16878456
0.38899028,0.17448312,0.34978873
0.468239,0.17390135,0.41565064
0.5742967,0.25492957,0.016120898
0.38532427,0.239172,0.14225426
0.42229244,0.2299408,0.26576203
0.48891026,0.23147264,0.31816858
1.0,0.21015505,0.34102625
0.8395418,0.11774929,0.62476176
0.6557702,0.079111554,0.68494624
0.5011253,0.07843196,0.7084046
0.4032598,0.0973443,0.71121883
0.55103457,0.027105143,0.2468341
0.26313353,0.0,0.26289624
0.10237339,0.014432729,0.29850003
0.0,0.034686174,0.33077744
0.5432732,0.08929068,0.13455014
0.25399882,0.13831168,0.29193395
0.3157999,0.17837045,0.5030701
0.39510828,0.17498378,0.5794789
0.55152303,0.17297962,0.057376698
0.300275,0.22391,0.21155034
0.3872959,0.24599889,0.38888487
0.4766682,0.23720995,0.4431937
0.57111603,0.26242068,0.0
0.35791907,0.28969598,0.11195873
0.41813195,0.29481912,0.23229092
0.49462497,0.28628197,0.26701975
1.0,0.22744904,0.46313858
0.8444055,0.122899495,0.6819826
0.64019656,0.07270362,0.6748824
0.45219278,0.067375556,0.65208447
0.32471257,0.083493024,0.61923486
0.6179692,0.033244893,0.20551576
0.32082608,0.002727212,0.19448121
0.13653345,0.0,0.20308031
0.0,0.0023646785,0.20320314
0.6123795,0.10784072,0.113747224
0.26660624,0.12466588,0.25448835
0.32019603,0.15662542,0.5028676
0.4120193,0.16334863,0.6135453
0.6100144,0.20047864,0.05059414
0.28812125,0.2170922,0.21251029
0.3753516,0.23390366,0.42745596
0.47992122,0.23572324,0.4979457
0.6080822,0.29682308,0.0
0.34109974,0.29477695,0.13749383
0.4016116,0.29683477,0.28287306
0.48937982,0.29731333,0.32674205
1.0,0.2488473,0.0275887
0.93414694,0.114877306,0.26226938
0.8125631,0.047840595,0.3714017
0.70213217,0.029754175,0.46810552
0.6274265,0.04868767,0.5746154
0.57987493,0.030227369,0.041914545
0.2733964,0.007296678,0.11566897
0.11071813,0.0,0.17273715
0.0,0.0038684064,0.2132083
0.5199611,0.10666571,0.003833828
0.28794608,0.113269985,0.22302763
0.34958273,0.1275403,0.40425915
0.4302161,0.12791792,0.45892859
0.50261074,0.19110467,0.0
0.34438848,0.19042794,0.22059534
0.41234145,0.1993569,0.3380973
0.49138582,0.20268174,0.35033432
0.5109156,0.27310398,0.0076353555
0.39407605,0.25332168,0.18132302
0.45413116,0.2552244,0.25733003
0.51767623,0.261956,0.261652
1.0,0.40566617,0.6721496
0.8622534,0.26654562,0.90655977
0.65098447,0.15409738,0.802557
0.4258805,0.08868829,0.68296826
0.27279827,0.043017436,0.5653621
0.7885303,0.0,0.4783377
0.39185002,0.0076133395,0.5033626
0.1738381,0.015238613,0.5200774
0.0,0.00284338,0.48632073
0.81177,0.06739776,0.29419342
0.36953914,0.10668104,0.37933043
0.47173166,0.1665547,0.5662742
0.6099882,0.15388723,0.5949141
0.7779243,0.15946633,0.14091036
0.36517915,0.19414894,0.31245863
0.4753346,0.24901895,0.4903167
0.5901583,0.23988695,0.4845795
0.71846026,0.2546498,0.0
0.3876479,0.27930307,0.20812127
0.48533037,0.3237934,0.37672758
0.5932508,0.3192658,0.36602342
1.0,0.43652913,0.40173918
0.9407106,0.27397016,0.7657201
0.75930375,0.15705164,0.80834204
0.54951745,0.1148812,0.8028045
0.38843971,0.11077774,0.7729682
0.73226464,2.3041261E-4,0.42439085
0.3180208,0.0,0.591736
0.12639853,0.01932038,0.71649307
0.0,0.025860751,0.75819564
0.6604994,0.06517109,0.24566898
0.2736481,0.106755175,0.50903827
0.35265696,0.16899191,0.6793081
0.46895787,0.17507784,0.6773527
0.57917905,0.16125917,0.11112002
0.25671452,0.21104321,0.41035762
0.3613996,0.26496738,0.5030072
0.47247565,0.26686648,0.43439838
0.49661604,0.26003718,0.0
0.26901343,0.30573523,0.26513338
0.3769769,0.35034162,0.35630867
0.4714135,0.34636727,0.29958642
1.0,0.5085678,0.78277004
0.8694511,0.35562125,0.99821675
0.6457195,0.21472067,0.86440414
0.40175036,0.12748797,0.70253813
0.2158264,0.07830731,0.55990946
0.82725704,0.07448728,0.46265948
0.4069145,0.04427669,0.46004015
0.18072814,0.029232377,0.4779783
0.0,0.0,0.4527856
0.8421956,0.1561418,0.28490266
0.33789194,0.16161206,0.3782075
0.4204029,0.23370013,0.6164986
0.55881345,0.22477943,0.67116666
0.79558176,0.26099172,0.13535148
0.33011627,0.26662874,0.32358307
0.43364292,0.32936355,0.5445417
0.561195,0.31896326,0.56388825
0.71940553,0.36483875,0.0
0.35007942,0.37172017,0.22205871
0.44092795,0.41998586,0.4040025
0.5561036,0.4181245,0.40984637
0.98909914,0.5064004,0.7296762
0.8728569,0.3487996,1.0
0.68176794,0.21546848,0.9115171
0.4851909,0.12678859,0.79669356
0.33623913,0.07002049,0.67706263
0.7927997,0.074340574,0.49330118
0.39063612,0.043533936,0.5208815
0.17682804,0.027561942,0.5358181
0.0,0.0,0.49555686
0.7975371,0.15112239,0.30479735
0.3232799,0.16820356,0.42748854
0.42036992,0.23645301,0.66577464
0.55713725,0.2290671,0.70348245
0.7443792,0.2493975,0.14289527
0.3099562,0.26437846,0.34435394
0.4233432,0.32637492,0.57036287
0.54101133,0.32225493,0.5878875
0.66895205,0.34656972,0.0
0.32746395,0.36442047,0.23939107
0.42863992,0.41036528,0.42683637
0.5389214,0.40501177,0.42071185
1.0,0.3304493,0.46129844
0.90411335,0.20172685,0.67874634
0.7040088,0.11437791,0.6309545
0.49587402,0.081855506,0.56932175
0.3341927,0.07569529,0.4945729
0.7123254,0.0032094927,0.30743092
0.3550222,0.0,0.37004653
0.15879463,0.00810089,0.41110292
0.0,0.007092446,0.3965317
0.6986061,0.07101092,0.17995605
0.33490163,0.090324834,0.3370152
0.42567474,0.13211048,0.50638264
0.53665686,0.12302453,0.51943034
0.66283584,0.15801996,0.08275582
0.3463267,0.1749244,0.2917439
0.44771007,0.20990668,0.4267878
0.54002565,0.20283586,0.4059395
0.61857116,0.24626277,0.0
0.381645,0.25610206,0.19841507
0.47699583,0.28031632,0.31021482
0.56002694,0.27430427,0.28825352
1.0,0.30338204,0.44307074
0.8980768,0.1764701,0.598503
0.686492,0.095210575,0.5435624
0.4684485,0.067654036,0.48780695
0.29351482,0.065780684,0.42678913
0.70391357,0.0011286725,0.23221245
0.35928813,0.0,0.28230652
0.1617384,0.007981323,0.30591393
0.0,0.0064242394,0.28190336
0.69510275,0.0734692,0.1314855
0.34125143,0.0860697,0.28187907
0.42292845,0.123318985,0.44666576
0.521406,0.11432615,0.45231766
0.66840583,0.16110194,0.061651964
0.3627007,0.16652003,0.25870982
0.46047848,0.19599779,0.40406254
0.549457,0.19297971,0.38645184
0.6361936,0.24789594,0.0
0.41558728,0.2429487,0.19133098
0.5061436,0.25859717,0.30535918
0.5828114,0.25459617,0.28311154
1.0,0.4028794,0.65982777
0.8685454,0.2842328,0.863416
0.64982563,0.18561783,0.73451674
0.4052563,0.15220137,0.59743696
0.22543551,0.14032952,0.47281763
0.7776689,0.024368275,0.4571155
0.40445897,0.017823055,0.45039883
0.17967476,0.01643632,0.42779538
0.0,0.0,0.36160022
0.8015537,0.08914662,0.2809562
0.3736007,0.10580578,0.35240635
0.45958856,0.16612923,0.5099233
0.5928435,0.16405761,0.52001256
0.77661616,0.17937897,0.13618179
0.38311803,0.20592298,0.2739049
0.47844702,0.26065344,0.43831983
0.5882175,0.25614256,0.4303047
0.73278344,0.27471647,0.0
0.41967174,0.2934221,0.17254417
0.5061273,0.3366935,0.33229798
0.61063117,0.3358558,0.335544
1.0,0.3296655,0.5563047
0.8293206,0.23666771,0.7334961
0.6110778,0.16248341,0.6219313
0.39581808,0.14104463,0.49621522
0.25379565,0.12875386,0.3778955
0.68942606,0.0,0.37713158
0.36278135,0.047732484,0.4173452
0.16791266,0.07486363,0.44837973
0.0,0.07771009,0.4221026
0.7311436,0.062439695,0.22935848
0.38475156,0.13175061,0.31602553
0.4878913,0.1747261,0.47401255
0.6003183,0.14815815,0.5005297
0.7379844,0.14825858,0.11213399
0.4167935,0.21048214,0.2664085
0.527811,0.24436411,0.39169902
0.62323827,0.21818504,0.36372355
0.72080904,0.23792705,0.0
0.46364605,0.28717324,0.18213637
0.5669394,0.3132264,0.3087938
0.66245717,0.2920231,0.29327554
1.0,0.3878054,0.5591955
0.93804467,0.24627201,0.68843174
0.75462735,0.13705136,0.60158
0.551748,0.09230468,0.5300505
0.40271217,0.08125262,0.4608236
0.77690566,0.050492734,0.17843361
0.396559,0.0196981,0.19438508
0.17647551,0.014323881,0.198011
0.0,0.0,0.15060186
0.7539933,0.13360398,0.09670135
0.35379353,0.12273695,0.22812632
0.44282025,0.17220822,0.45563072
0.57060176,0.17266381,0.498279
0.71211326,0.23067796,0.044059247
0.3640624,0.21627472,0.24571528
0.46580404,0.25549737,0.43447372
0.57888687,0.25814885,0.42802972
0.663388,0.32590908,0.0
0.4197187,0.3062469,0.18452968
0.5131219,0.3301075,0.31117985
0.60340405,0.33208564,0.28987888
1.0,0.30320445,0.5723209
0.8802358,0.1870766,0.6929064
0.66024476,0.10443811,0.5827937
0.44347954,0.07417164,0.4777798
0.29938024,0.05710287,0.36674535
0.7084047,0.0,0.2391998
0.35707417,0.02958417,0.25239938
0.1610674,0.050376475,0.27347082
0.0,0.056216463,0.24200636
0.74567217,0.07258571,0.13833314
0.36851907,0.123897105,0.24698777
0.46851486,0.16463733,0.4543765
0.58867073,0.15033378,0.49917498
0.7498798,0.1648248,0.069157735
0.40580046,0.20988655,0.23512277
0.5122204,0.23972452,0.4087401
0.61256146,0.22266343,0.40792236
0.73479164,0.25587484,0.0
0.4729107,0.2859729,0.16607173
0.5661466,0.30423975,0.29163945
0.65321416,0.2870539,0.27431104
1.0,0.3974095,0.7738984
0.86366737,0.2552257,0.89561796
0.65953135,0.13898356,0.7494542
0.45194882,0.06560716,0.60790473
0.3120963,0.027154276,0.4885184
0.7467686,0.037581578,0.31119645
0.37494853,0.015839618,0.27841836
0.16523331,0.014562437,0.29889166
0.0,0.0,0.28064832
0.7754954,0.12599193,0.19016357
0.3302953,0.14595853,0.2463487
0.43142617,0.20266801,0.5180601
0.56230724,0.18742472,0.59764564
0.7588153,0.23401259,0.092803255
0.34516767,0.24370283,0.23926681
0.4644345,0.2857274,0.49313053
0.58172035,0.26916084,0.54138786
0.71605533,0.34007728,0.0
0.38095188,0.34134448,0.16458243
0.47751442,0.368263,0.35363477
0.5773949,0.36066622,0.3795181
1.0,0.31773517,0.5197813
0.8941375,0.1932401,0.5760097
0.6958921,0.1076545,0.46973804
0.49579972,0.08243098,0.37149957
0.3186141,0.089000374,0.2727929
0.70393926,0.031191034,0.13617387
0.3664955,0.0,0.10685135
0.16768207,0.004582828,0.12460227
0.021778105,0.010598328,0.11660849
0.6863196,0.116648644,0.06922942
0.3059923,0.0530053,0.06515663
0.12790918,0.042169113,0.16295907
0.0,0.033540364,0.2022534
0.66048443,0.21223219,0.03749617
0.3542382,0.16969734,0.17097788
0.4639151,0.19742838,0.35084945
0.57460254,0.20870723,0.40534154
0.6285992,0.3025749,0.0
0.402404,0.24637376,0.14484435
0.4911486,0.2583703,0.2804317
0.5785036,0.26628342,0.3245415
1.0,0.25305462,0.35038075
0.85746765,0.14407624,0.523858
0.6589049,0.09924724,0.51088566
0.47334105,0.116942845,0.467805
0.32391694,0.15639383,0.4063311
0.60737187,0.02978036,0.20618567
0.3101362,0.0,0.2025223
0.13647737,0.0018330229,0.21964702
0.0,0.005016279,0.23115872
0.584983,0.101049855,0.11628393
0.27095288,0.10817661,0.20598443
0.20883153,0.13224019,0.33064878
0.19082925,0.1405213,0.38850805
0.5730807,0.1865183,0.057421107
0.3242567,0.19965059,0.22169758
0.3963425,0.21846186,0.34248874
0.48994625,0.22339247,0.3513855
0.57067674,0.26814076,0.0
0.4102941,0.25286216,0.15653287
0.47028136,0.25355387,0.24688989
0.5469959,0.25496843,0.25153205
1.0,0.4874029,0.6232167
0.86649287,0.33258402,0.8415063
0.662188,0.22551091,0.7794778
0.46787944,0.17256348,0.7030471
0.31022957,0.16394304,0.61740565
0.6831738,0.12542026,0.31266093
0.34670603,0.053732004,0.31528017
0.14966395,0.025038937,0.33956036
0.0,0.0,0.3422523
0.67252576,0.20539102,0.18122262
0.2578301,0.19486073,0.31966084
0.32649717,0.25246358,0.5489615
0.43821287,0.2552387,0.6115838
0.640078,0.30501032,0.08002985
0.27394548,0.29876077,0.27376348
0.3782946,0.34236965,0.47489217
0.49375156,0.34558657,0.5000188
0.60334855,0.40523273,0.0
0.33010548,0.3908414,0.1820327
0.42369378,0.41912648,0.32093382
0.5266002,0.42860556,0.32821926
1.0,0.2634428,0.3308228
0.8941319,0.13487847,0.4903404
0.6916078,0.049146347,0.48150817
0.49088016,0.029373933,0.4701729
0.33372024,0.0288474,0.4443156
0.64893895,0.0,0.12154772
0.30646056,5.8999904E-5,0.19408497
0.12744941,0.021735106,0.26334766
0.0,0.03299538,0.29829067
0.6140305,0.087395124,0.05697675
0.31549108,0.08596137,0.24313968
0.39103925,0.105192244,0.43518913
0.48477453,0.09942629,0.47233704
0.59476924,0.18777652,0.024840564
0.3512102,0.15985307,0.2403758
0.4367313,0.16999052,0.37735015
0.52794987,0.177312,0.3588029
0.58223104,0.28483617,0.0
0.44565004,0.23904069,0.19812049
0.521619,0.23781464,0.30070096
0.5839513,0.24658798,0.28492987
1.0,0.32040027,0.4136695
0.88160527,0.20014705,0.6201383
0.6980676,0.12440061,0.5962262
0.5215698,0.0973749,0.5566383
0.3824618,0.101378836,0.4979109
0.6748909,0.015056496,0.27338067
0.34049338,4.5432444E-4,0.31569564
0.15405542,0.0030711247,0.3217111
0.0,0.0,0.29389867
0.6695478,0.082197495,0.1577551
0.34110814,0.109452866,0.30971795
0.43112347,0.15034863,0.45527455
0.5288919,0.13764697,0.45091325
0.646543,0.16560322,0.06962207
0.3699921,0.18512246,0.2553919
0.471149,0.21447307,0.3570257
0.560325,0.20815699,0.31483477
0.6190485,0.24651255,0.0
0.4264736,0.2571106,0.17690302
0.5150176,0.27466813,0.26089233
0.58984584,0.27138305,0.22723214
1.0,0.38600653,0.5582543
0.8577221,0.25138587,0.7761516
0.63652474,0.14957759,0.7083331
0.42723602,0.099178046,0.6170483
0.25860152,0.07509492,0.5175567
0.7224563,0.02286602,0.38167346
0.36499718,0.013712663,0.41451964
0.16672957,0.012325464,0.4282378
0.0,0.0,0.39066318
0.740892,0.09519975,0.23212184
0.333984,0.11103539,0.33724478
0.42738974,0.16892812,0.50516766
0.5462383,0.1641512,0.52233386
0.71617365,0.18500154,0.110017374
0.34657228,0.19622295,0.27568084
0.45530683,0.25121653,0.44118568
0.5642783,0.24960035,0.4432299
0.673331,0.27423155,0.0
0.39397982,0.28207177,0.18691018
0.4893923,0.31930733,0.323801
0.5891588,0.31880826,0.31993636
1.0,0.3805007,0.3760814
0.86934143,0.248233,0.58153796
0.6565642,0.17699935,0.57914335
0.4471098,0.15610093,0.5448667
0.2866878,0.17037363,0.49392983
0.5996037,0.11407361,0.21684486
0.3025358,0.060337868,0.23751466
0.12842634,0.03187487,0.23871104
0.0,0.0,0.216807
0.58245414,0.1826524,0.118868776
0.29652244,0.22186656,0.28987756
0.36393052,0.25639012,0.41349348
0.4476763,0.24468572,0.40539882
0.5709566,0.2710114,0.051695965
0.35781997,0.30812487,0.25719166
0.45044088,0.32675156,0.35694548
0.5348342,0.31443697,0.32521394
0.5691228,0.3578263,0.0
0.42401156,0.37398162,0.16403124
0.50983167,0.38638532,0.24182494
0.58437425,0.38290682,0.21674524
1.0,0.16392298,0.26211026
0.86102706,0.05867849,0.3926928
0.6693177,0.021744378,0.4004575
0.50828135,0.030210406,0.41298142
0.41456825,0.06267153,0.4145899
0.56577086,0.027279384,0.012993307
0.27263588,0.0046949685,0.021336107
0.11260454,3.7830247E-4,0.031819947
0.0,0.0,0.029357415
0.5639191,0.10718914,0.0
0.36508822,0.11098721,0.1847292
0.43446383,0.10604611,0.3436901
0.516732,0.094566725,0.38020205
0.59431833,0.18309039,0.010979966
0.44824365,0.17567441,0.23351966
0.51715845,0.16145457,0.33035466
0.5884079,0.15121758,0.30523932
0.63740313,0.24640368,0.0346806
0.52462614,0.22348213,0.21614577
0.58693486,0.20959242,0.29244336
0.6424834,0.20536621,0.28376156
1.0,0.15553117,0.26388437
0.845322,0.056778517,0.37202412
0.6434823,0.023982259,0.3624926
0.46413082,0.038863163,0.35752428
0.3431,0.07370191,0.33737746
0.57435274,0.0058410075,0.026104895
0.28407153,0.0,0.046244983
0.12046939,0.0076256,0.051947348
0.0,0.015130056,0.030364146
0.57807827,0.08144821,0.0020663554
0.3724635,0.10076258,0.16781718
0.44384974,0.10096024,0.29730582
0.51796156,0.085926086,0.30122703
0.60265034,0.15874478,0.0
0.4359184,0.16175719,0.19465522
0.5120609,0.15366618,0.27861094
0.58426136,0.14391692,0.23767373
0.6354247,0.22812451,0.008028644
0.51295406,0.20687418,0.15341747
0.57702774,0.19530623,0.21029693
0.6343526,0.19236068,0.17815912
1.0,0.1196243,0.30704337
0.8193754,0.04297981,0.42285663
0.5892179,0.038245555,0.396648
0.39310932,0.0713744,0.36111802
0.2586907,0.119626775,0.32178566
0.5447068,0.0,0.113165446
0.27267802,0.02114411,0.14945643
0.120862044,0.043647777,0.16698167
0.0,0.060913328,0.16045147
0.5788597,0.067460045,0.057284918
0.34636697,0.11630138,0.20929325
0.41863236,0.11823463,0.3329244
0.48487413,0.098926395,0.33850285
0.6241787,0.14118904,0.024849417
0.42849734,0.17158794,0.20277087
0.51010406,0.1600919,0.2966274
0.5782437,0.1423913,0.2740541
0.6720379,0.20734389,0.0
0.5282059,0.20522343,0.14697036
0.59471834,0.19120942,0.21994305
0.6539346,0.18341671,0.20329311
1.0,0.2652749,0.17771675
0.885974,0.1372722,0.32892424
0.7121956,0.072920635,0.35740703
0.54649466,0.06286702,0.38244647
0.4287593,0.07716703,0.39302212
0.5998901,0.04731281,0.024234967
0.296129,0.007909498,0.066242956
0.1244612,7.2237366E-4,0.09580053
0.0,0.0,0.09230208
0.5646955,0.12581702,0.0
0.3794273,0.121738605,0.2033833
0.45629632,0.12903239,0.32905072
0.5417195,0.12010955,0.3342908
0.5617793,0.20967165,0.004640837
0.43616134,0.1948321,0.23672442
0.51819885,0.1981012,0.29546455
0.59684366,0.19918074,0.2354078
0.5721299,0.2857266,0.022127299
0.48383564,0.25666368,0.1934449
0.5522791,0.2565543,0.22795407
0.6111179,0.2629643,0.18731992
1.0,0.35744685,0.07401371
0.9321672,0.19745696,0.16943595
0.7663191,0.10025992,0.20154154
0.5944688,0.051330946,0.25084975
0.4587771,0.029429894,0.28448576
0.56476754,0.11290264,0.0
0.27972808,0.036416374,0.07516133
0.12340271,0.009167606,0.12327547
0.0,0.0,0.14444101
0.49771774,0.19377093,0.017352546
0.3998951,0.1289853,0.24341242
0.49910188,0.11946929,0.324882
0.5931398,0.1255912,0.2999958
0.4897168,0.2672904,0.061242733
0.43722853,0.20530216,0.31617796
0.52792186,0.19956361,0.34368405
0.61312336,0.21231437,0.27416173
0.5009381,0.32814053,0.11188321
0.44941297,0.2713576,0.3094612
0.5198664,0.2666398,0.34951493
0.5882151,0.28054997,0.32136557
1.0,0.32719123,0.40921822
0.9414099,0.19145183,0.5539771
0.7519709,0.101898596,0.51917446
0.55072725,0.0823215,0.4976987
0.3987064,0.09688587,0.46548676
0.7279304,0.029437035,0.10966197
0.3664458,0.0,0.17140737
0.15818392,0.002526315,0.23075712
0.0,0.0027395077,0.2478467
0.68567175,0.117087856,0.04565634
0.31568235,0.078114495,0.20441659
0.38390014,0.10531771,0.41215432
0.49443322,0.105335526,0.46073267
0.6425014,0.21482272,0.018233562
0.33093295,0.15799426,0.22878769
0.4168387,0.17761326,0.40441453
0.5193823,0.18995672,0.40547016
0.60126257,0.30420217,0.0
0.38998055,0.22797944,0.19270483
0.46684176,0.23297259,0.31813794
0.54412544,0.24620184,0.31155443
1.0,0.37955007,0.34592092
0.93079376,0.23833923,0.50165147
0.75109905,0.1550918,0.49477553
0.5572153,0.1449563,0.4899782
0.42354262,0.1697947,0.4779566
0.6774606,0.09269001,0.08511759
0.34620222,0.025719628,0.11102021
0.14762117,0.0064789695,0.117796324
0.0,0.0,0.089438014
0.62639827,0.17603537,0.033205923
0.32251498,0.16255434,0.20213324
0.4028813,0.19305283,0.38033786
0.50220156,0.19191687,0.3996739
0.59631276,0.27084762,0.008723342
0.34898883,0.24739638,0.22596112
0.44606557,0.26103005,0.34527647
0.54248923,0.26246753,0.31337988
0.5828612,0.3598667,0.0
0.42480406,0.31412387,0.17465986
0.5117245,0.3225287,0.25292844
0.5847443,0.33303306,0.21748663
1.0,0.40289322,0.25033993
0.9108678,0.25664294,0.47090718
0.7414031,0.17817438,0.5106795
0.56343204,0.1622807,0.5292606
0.4381524,0.18386267,0.53553957
0.6371035,0.10618194,0.09980087
0.32031697,0.027348446,0.14807281
0.13361478,0.005315845,0.18186523
0.0,0.0,0.18565392
0.5833873,0.18135533,0.03716534
0.29928184,0.1871583,0.25415212
0.3689209,0.21640827,0.41383284
0.4678743,0.21272907,0.42929855
0.5536356,0.27243748,0.010103596
0.3507996,0.27967265,0.2623306
0.44321415,0.29360723,0.35482857
0.53918797,0.28867587,0.31257677
0.5403726,0.36069757,0.0
0.40400168,0.34695962,0.19136052
0.4858213,0.35603532,0.24392469
0.55994934,0.3587394,0.20232837
1.0,0.44291875,0.59091157
0.8402576,0.2899919,0.8256888
0.6260658,0.19499864,0.7758939
0.42951787,0.149506,0.69564
0.292488,0.14169204,0.59914476
0.6396286,0.09179137,0.3574619
0.3354167,0.022156373,0.3332899
0.14715964,0.0053016287,0.33570182
0.0,0.0,0.3183262
0.6586812,0.16331434,0.21468915
0.2662299,0.20334,0.32202166
0.34994528,0.25846377,0.5168793
0.46067876,0.2491928,0.55412185
0.65145016,0.26031575,0.09703506
0.2972997,0.2944038,0.26200482
0.41301835,0.33024758,0.439381
0.52465284,0.31802118,0.45763373
0.63349044,0.35730165,0.0
0.37083682,0.38366872,0.1624338
0.46821693,0.4071222,0.2835638
0.564377,0.4008459,0.2839381
1.0,0.33469686,0.46586955
0.8548469,0.2189095,0.6927961
0.65096253,0.16076458,0.66870856
0.46865746,0.16199136,0.60354
0.35152337,0.19116788,0.5186571
0.59777004,0.050468132,0.3363203
0.31982777,0.016152624,0.34407553
0.14375709,0.0053883097,0.33435163
0.0,0.0,0.30326244
0.6105814,0.10454681,0.20182131
0.312241,0.1869158,0.33010307
0.397747,0.22555801,0.46551132
0.49023646,0.20565729,0.46791497
0.61285746,0.18463439,0.09305771
0.35297665,0.25714442,0.2555684
0.45092613,0.28117013,0.35000443
0.53401756,0.26312342,0.32228386
0.6111054,0.26562515,0.0
0.41549993,0.318195,0.14113751
0.4972724,0.33827096,0.21475513
0.56922275,0.33009553,0.18513629
1.0,0.35068375,0.46892992
0.9452632,0.20597862,0.54149216
0.76880044,0.09943253,0.45963773
0.5493829,0.06681832,0.40481588
0.40240628,0.072835155,0.35050035
0.75589323,0.06430989,0.031393632
0.39315522,0.015986804,0.055992283
0.17503484,0.008509967,0.077233754
0.0,0.0,0.052067466
0.6922205,0.155878,0.0
0.391132,0.110772654,0.15504602
0.47174135,0.13187365,0.3555446
0.5716195,0.13283464,0.37100452
0.63528395,0.25390947,0.0031713825
0.39374962,0.19560683,0.22631021
0.47752,0.21104287,0.37726793
0.56483877,0.2250753,0.3418113
0.58496255,0.3447824,0.010748225
0.4363764,0.27982742,0.21309012
0.51596147,0.2870875,0.3244654
0.57599455,0.30370456,0.28668535
1.0,0.019682568,0.41480032
0.82442194,0.0,0.59153736
0.6532713,0.0326474,0.57963914
0.55685234,0.087679885,0.5484221
0.52711153,0.13952942,0.49848688
0.51098347,0.017944293,0.19347377
0.25987485,0.069760315,0.1613394
0.11513172,0.10338616,0.13049427
0.0,0.12322962,0.08477109
0.5673399,0.052395653,0.10712195
0.45632207,0.18522215,0.2063845
0.5416679,0.18436691,0.32237145
0.5877786,0.14633389,0.328227
0.6509159,0.099619284,0.04719702
0.5636619,0.2154446,0.17998427
0.63956684,0.19937944,0.2752433
0.6794854,0.15978058,0.2573773
0.742283,0.14631182,0.0
0.6662691,0.22469129,0.10769372
0.7308856,0.2061314,0.18661208
0.77116954,0.17465174,0.18309163
1.0,0.12511763,0.32132363
0.8111427,0.07901271,0.4887006
0.6238032,0.08771538,0.4742018
0.48265827,0.13545513,0.4317319
0.41981557,0.1784649,0.3860455
0.5031901,0.009910795,0.21585666
0.2600481,0.014721374,0.21080558
0.11731048,0.010866601,0.17919886
0.0,0.0,0.13999851
0.54134095,0.04898075,0.1241218
0.38040707,0.14939448,0.23081665
0.46833,0.15973645,0.29849783
0.5230761,0.12814373,0.27659604
0.5855437,0.1068053,0.05631326
0.45402235,0.19983973,0.18365343
0.5417825,0.19235925,0.23943338
0.5873719,0.16032718,0.20610976
0.632707,0.16576356,0.0
0.53786355,0.2282572,0.108233586
0.6153856,0.22205496,0.16090219
0.6649323,0.19913046,0.139646
1.0,0.2686232,0.27593467
0.84088796,0.17195465,0.51749074
0.66183686,0.13420422,0.5534153
0.5181947,0.13614658,0.5419516
0.41725186,0.1625631,0.51499605
0.55138826,0.047465064,0.27518424
0.28461522,0.011597257,0.2982817
0.12752683,0.003727387,0.29201522
0.0,0.0,0.26921135
0.54952055,0.09350892,0.1562637
0.32516536,0.16448127,0.29401731
0.41022623,0.19378625,0.35184336
0.48681864,0.17408025,0.32168126
0.5494423,0.16082343,0.0700222
0.37081045,0.22362529,0.2295986
0.4605511,0.23851633,0.26712722
0.5295207,0.2202484,0.22028853
0.5545209,0.23085526,0.0
0.42545876,0.26953688,0.12875491
0.5081167,0.28248993,0.16556993
0.5762161,0.2738677,0.13274224
1.0,0.22618932,0.2558408
0.8973302,0.10439751,0.39401844
0.73381996,0.044246964,0.39706048
0.57526165,0.032344617,0.40604618
0.4598008,0.042531688,0.4164437
0.61887807,0.030745916,0.036000375
0.30954608,4.2925758E-4,0.057996087
0.13616432,0.0,0.057009898
0.0,0.0075455373,0.02581937
0.5908024,0.110693485,0.007095543
0.38242987,0.10503028,0.1730201
0.4683881,0.1169917,0.29852453
0.54644483,0.11470847,0.29538336
0.5923703,0.19357978,0.0
0.44321182,0.17680421,0.18997706
0.53017837,0.18147625,0.2534737
0.5980202,0.18233769,0.19692954
0.61175925,0.2713369,0.011854829
0.5118335,0.2407482,0.1491833
0.5887326,0.24279955,0.19197573
0.64502186,0.24984488,0.14473255
1.0,0.30005398,0.012391955
0.9154045,0.14167958,0.14359619
0.7500876,0.060979333,0.21613973
0.59953743,0.041485414,0.29103333
0.50764924,0.052224588,0.34076387
0.5173337,0.06905012,0.0
0.23567927,0.017446643,0.099744976
0.09983691,2.9445984E-4,0.17082836
0.0,0.0,0.21266595
0.44772103,0.15170445,0.014207462
0.41309416,0.09017361,0.27484125
0.509821,0.08029834,0.34346855
0.59119445,0.0902864,0.294527
0.44300818,0.2235794,0.0635207
0.4564211,0.16472906,0.35477984
0.5337528,0.16028294,0.3359001
0.6010338,0.17421934,0.2224091
0.46312097,0.2836719,0.11922981
0.4626526,0.22864889,0.33646426
0.53528994,0.22387992,0.33712032
0.59174913,0.23726872,0.264827
1.0,0.25766125,0.061317638
0.89165956,0.13720374,0.29202014
0.7308438,0.08014171,0.37685886
0.59401727,0.074167855,0.42217827
0.49868086,0.08431219,0.4429972
0.547277,0.030845445,0.11473634
0.27145413,0.0,0.2140533
0.11658467,0.0020008173,0.2657397
0.0,0.009365508,0.28014043
0.48766142,0.10003742,0.048497323
0.3629867,0.116631836,0.2834574
0.44869375,0.12769637,0.35548687
0.5328993,0.11860699,0.309956
0.470246,0.17774549,0.019070905
0.41613275,0.19080304,0.2730948
0.49831384,0.19972792,0.27973658
0.5716619,0.19967417,0.18353863
0.4758286,0.25309294,0.0
0.43330336,0.24857129,0.18492341
0.50820976,0.25742507,0.19175555
0.56586355,0.26348948,0.11997742
1.0,0.20609972,0.025378998
0.8941574,0.072330184,0.119722016
0.72491026,0.0073857685,0.17673409
0.5879424,0.0,0.24385186
0.5058698,0.018256659,0.29434818
0.53324735,0.045224134,0.0
0.25110123,0.044315904,0.08085899
0.10577944,0.04940183,0.12563781
0.0,0.06578941,0.13884468
0.49760035,0.12507728,0.025897454
0.42352435,0.07259449,0.240524
0.49834144,0.057168413,0.32266843
0.55920476,0.06130401,0.2967134
0.5109297,0.18556121,0.07465532
0.46815363,0.12305134,0.31284156
0.5392742,0.11020141,0.325278
0.6130455,0.1154813,0.2546295
0.5407077,0.23214114,0.1294563
0.50311947,0.17886904,0.3192718
0.55781674,0.1655481,0.3468729
0.617658,0.17001863,0.3094174
1.0,0.26651835,0.08137237
0.8954121,0.13848838,0.27885023
0.7344977,0.077976935,0.35990244
0.5815232,0.06041689,0.44016832
0.46339142,0.06992969,0.52025235
0.57196575,0.059886374,0.015615988
0.2697662,0.018524671,0.0806619
0.11266654,0.0050763064,0.14867967
0.0,0.0,0.19861077
0.51228714,0.14299579,0.0
0.25604913,0.12649094,0.20334537
0.32480627,0.13255419,0.4275211
0.40726173,0.1346435,0.53202224
0.4942357,0.22505708,0.010209793
0.28853732,0.20536843,0.22040723
0.3638123,0.20134251,0.38253835
0.44940957,0.20412433,0.43537945
0.50566334,0.29704896,0.034701485
0.38318202,0.25814712,0.2279943
0.44446775,0.24920955,0.34391373
0.505931,0.2567176,0.3767981
1.0,0.24391466,0.14829169
0.8828679,0.11990846,0.34369066
0.72535354,0.06309419,0.40870625
0.57842267,0.050788123,0.4741973
0.47793257,0.06521531,0.5443236
0.57888156,0.043987047,0.03589043
0.27622944,0.009619815,0.07403377
0.11595877,4.8046806E-4,0.12568544
0.0,0.0,0.16561942
0.5328912,0.12736937,0.005557107
0.24792396,0.12542391,0.16808163
0.3045577,0.13713545,0.37645346
0.3876539,0.13961925,0.47312552
0.5210916,0.21363844,0.0
0.28843334,0.20718825,0.17973375
0.36330387,0.20488921,0.33469838
0.45387408,0.20446225,0.38647193
0.5364807,0.2918181,0.011205155
0.37680838,0.26248926,0.1665768
0.43456832,0.2551569,0.2715647
0.5004921,0.26138788,0.30295306
1.0,0.35200438,0.0
0.9526076,0.21462406,0.17613663
0.8516284,0.1270314,0.2615671
0.7693936,0.055084124,0.3485443
0.737895,0.0,0.43743074
0.56985843,0.14793096,0.0029073097
0.27272788,0.118339665,0.06457164
0.11649226,0.10811731,0.12348873
0.0,0.111528225,0.16661426
0.5179099,0.22883862,0.00249141
0.282702,0.21599741,0.20878574
0.35004085,0.21369739,0.40132076
0.42156795,0.21501206,0.4855363
0.5020826,0.31126633,0.019533433
0.31194872,0.2915142,0.20560268
0.3891058,0.28450674,0.3517605
0.47878698,0.2886243,0.41579142
0.51042455,0.38871798,0.055388805
0.3385544,0.3758047,0.18074217
0.37863865,0.3684525,0.2802585
0.456309,0.37126583,0.3300657
1.0,0.19854043,0.44333738
0.86280745,0.097560026,0.6148238
0.68648523,0.05306405,0.5919768
0.52290875,0.064458154,0.5712221
0.42628777,0.101357415,0.53099114
0.6256087,0.021865102,0.12344652
0.31849092,0.0011880025,0.09242323
0.13156061,0.0,0.08208505
0.0,0.004639307,0.056164723
0.6188172,0.09896887,0.06295354
0.30321056,0.1269676,0.19815917
0.37436154,0.15098299,0.4327813
0.46573895,0.14856848,0.5179211
0.6198223,0.19093215,0.026147919
0.3357989,0.20838694,0.17602685
0.4196236,0.21640968,0.36509857
0.5146666,0.21257924,0.41271055
0.6233102,0.27914363,0.0
0.3914448,0.27663735,0.10707513
0.4446585,0.2760222,0.22201261
0.5191758,0.27625993,0.24535283
1.0,0.13365772,0.36320573
0.89689803,0.031203749,0.46363875
0.71309185,0.0,0.4632625
0.56062067,0.03251924,0.4822481
0.47324115,0.07512997,0.4971082
0.60971045,0.014284016,0.04947326
0.30281326,0.020963062,0.027723983
0.12259778,0.027934134,0.020362675
0.0,0.044423062,0.0
0.6148311,0.09809012,0.038485162
0.32921335,0.1339444,0.16569859
0.39633837,0.13291302,0.36641136
0.48502883,0.12237738,0.43913946
0.6351595,0.18331537,0.04752467
0.38403887,0.20381817,0.18139039
0.45605797,0.19370912,0.3595684
0.53929156,0.18413876,0.41255507
0.66172,0.2587489,0.062148683
0.4520508,0.2603558,0.15710741
0.4997563,0.250639,0.27403948
0.57197326,0.24792416,0.30983815
1.0,0.20161541,0.37655783
0.8404846,0.119481765,0.5844879
0.6803982,0.09399137,0.59081095
0.5468129,0.107397534,0.576626
0.4705873,0.14557238,0.5530708
0.57694817,0.042825658,0.21803817
0.30174896,0.006409332,0.16714652
0.12938602,0.0,0.12551744
0.0,0.0032174955,0.089956306
0.59419477,0.10190675,0.1253549
0.3056105,0.17112881,0.20822012
0.3808541,0.20692089,0.35677484
0.45935965,0.20146358,0.4063543
0.61625135,0.17756416,0.054178618
0.3496342,0.24112196,0.15245558
0.43372667,0.25903216,0.28590947
0.5146739,0.24485268,0.32581025
0.64395624,0.25606608,0.0
0.413979,0.29428035,0.07163122
0.46338195,0.30315605,0.15904833
0.5326744,0.2941473,0.18215053
1.0,0.2794556,0.33780998
0.886554,0.15525298,0.5177308
0.7287865,0.08653523,0.52305126
0.56988204,0.06540407,0.52639395
0.4530507,0.08434014,0.52452356
0.63862777,0.058698952,0.09084642
0.33504844,0.016087288,0.07464956
0.1452841,0.0,0.059850227
0.0,4.5386103E-5,0.03465732
0.6049791,0.13842689,0.03906373
0.30045074,0.13934025,0.17881125
0.36356783,0.15970474,0.39147222
0.45079306,0.163835,0.46547768
0.58261096,0.22931832,0.011731419
0.3172977,0.22340524,0.16806655
0.39220035,0.23325133,0.33229062
0.48204458,0.23729892,0.37002346
0.5721522,0.31432933,0.0
0.35899267,0.28783977,0.11962391
0.41666222,0.2886626,0.22230768
0.4925782,0.29598534,0.23929657
1.0,0.2821538,0.44558135
0.88726914,0.15067238,0.62747324
0.70466405,0.07709632,0.61776394
0.5089034,0.05145274,0.6010728
0.3672884,0.05631509,0.5794916
0.65541905,0.055443864,0.14488974
0.3380546,0.011954164,0.12310046
0.14643231,0.0,0.11589535
0.0,7.7650027E-4,0.093066834
0.6233635,0.13769846,0.076530494
0.28729022,0.12966128,0.21431938
0.3572577,0.15872245,0.46296054
0.44997257,0.17087401,0.5611388
0.5992521,0.23599811,0.0318469
0.29593438,0.22394253,0.17943881
0.3818958,0.239384,0.38212147
0.4805443,0.24892594,0.43885428
0.5844127,0.33097616,0.0
0.33941993,0.30602902,0.100890286
0.39244512,0.3067065,0.21053958
0.47291014,0.31299177,0.22229809
1.0,0.20634487,0.5292712
0.8598618,0.10156612,0.6380988
0.6425951,0.050970744,0.5775762
0.44579434,0.05889245,0.52119684
0.3202946,0.09628931,0.44806445
0.6475427,0.026169678,0.1185854
0.33646747,0.0,0.056514215
0.13733833,0.0049332567,0.042709257
0.0,0.019222876,0.016536728
0.64471614,0.10958824,0.065254115
0.28626746,0.118950635,0.15492056
0.33605838,0.140837,0.4089751
0.44048226,0.14756732,0.5281071
0.64392626,0.20486969,0.030607339
0.30288315,0.21138918,0.13129683
0.36643967,0.21630833,0.35613638
0.47377816,0.21554503,0.44808245
0.64352655,0.2951558,0.0
0.35918665,0.2909225,0.069042705
0.37553495,0.28013545,0.19180524
0.45163953,0.27303168,0.23912269
1.0,0.20112987,0.075092
0.93804085,0.067599475,0.23902127
0.7939225,0.004193585,0.34338403
0.6563678,0.0,0.46495017
0.572938,0.023406645,0.6003777
0.57526475,0.057226412,0.0
0.27796528,0.059122086,0.070198156
0.11505064,0.06369077,0.12115275
0.0,0.079844214,0.16091216
0.54145193,0.141169,0.019912886
0.29992616,0.12695464,0.22381319
0.3563072,0.10804221,0.44224727
0.4300253,0.09906488,0.5427971
0.54708356,0.21571442,0.06443508
0.35144052,0.18839723,0.26231033
0.40460238,0.1685369,0.4417687
0.48310086,0.16168714,0.5205532
0.5728386,0.28235134,0.12317598
0.4082713,0.25949535,0.29193044
0.43704873,0.24048999,0.43261483
0.50027734,0.23408686,0.50733256
1.0,0.22783227,0.2029002
0.94147164,0.07258197,0.2116125
0.7790674,1.5873127E-4,0.2850366
0.62574553,0.0,0.4152873
0.5254883,0.029364374,0.55413723
0.5835129,0.08473154,0.0083208345
0.29448706,0.078681745,0.0
0.12593152,0.07167824,1.0048428E-4
0.0,0.077657126,0.0077225063
0.55301577,0.16403203,0.11752147
0.35056317,0.10911626,0.2646882
0.34336013,0.06845819,0.4271301
0.35282046,0.052479148,0.53017706
0.54878986,0.22351508,0.23949882
0.38238564,0.1655473,0.36724126
0.40965384,0.12688658,0.49571338
0.45407456,0.11040564,0.57238597
0.555455,0.26944992,0.36451092
0.41240484,0.22980058,0.4756901
0.39848343,0.19527902,0.5725308
0.41235268,0.1756015,0.64478105
1.0,0.20270745,0.3352668
0.91237956,0.07868203,0.41447756
0.7449438,0.010000746,0.4265788
0.56865084,0.0,0.46846583
0.4519785,0.021316476,0.51611054
0.6450127,0.058668803,0.045180734
0.3215583,0.061768964,0.0077483375
0.13386235,0.06653882,5.6578155E-4
0.0,0.07661098,0.0
0.6075811,0.14384767,0.07083823
0.2917165,0.12677397,0.21543829
0.311977,0.10497924,0.47399205
0.38196924,0.09382395,0.63631976
0.5949014,0.22351992,0.11579138
0.30800575,0.19467878,0.2467683
0.3237271,0.16384897,0.46296132
0.39227387,0.15021291,0.58256435
0.6002108,0.29163444,0.16813059
0.3742425,0.26592618,0.27875608
0.35758469,0.23629884,0.4330053
0.40104255,0.22165099,0.52963704
1.0,0.18238404,0.29178947
0.8561628,0.10358972,0.56506044
0.7056518,0.08077535,0.61809754
0.5834886,0.09400966,0.6349614
0.5140865,0.11889737,0.624337
0.5490395,0.021632971,0.24648874
0.29124096,2.33583E-4,0.24785076
0.12235759,0.0,0.21795154
0.0,0.010144007,0.18007906
0.54932666,0.07501027,0.13740204
0.32162613,0.16829516,0.29635254
0.40141672,0.19697645,0.44201866
0.47141013,0.18448246,0.46034583
0.5631248,0.15065117,0.057838675
0.34200042,0.23049802,0.21384203
0.43065023,0.24505797,0.31951448
0.5139878,0.22867484,0.3230903
0.58482337,0.23043148,0.0
0.38328886,0.27980503,0.114918225
0.44688132,0.28568426,0.2035051
0.5226046,0.27638662,0.21683815
1.0,0.22000839,0.26534295
0.86412,0.09638667,0.42747667
0.70084447,0.039758988,0.45172918
0.5360405,0.03401942,0.48498988
0.4245786,0.055067576,0.5216365
0.60011065,0.032522567,0.025804618
0.29201242,0.002609556,0.061228395
0.123060204,0.0,0.10150147
0.0,0.008372608,0.11883381
0.5616425,0.11945934,0.0
0.28334463,0.10552635,0.16759072
0.35130188,0.11455419,0.37708464
0.43892965,0.12097532,0.45144227
0.5503086,0.20717262,0.0042723785
0.3118323,0.18677418,0.20063062
0.38956773,0.1853363,0.36967203
0.47667035,0.19056717,0.4071315
0.55765367,0.2854158,0.01869987
0.3736756,0.25119007,0.18230054
0.4331877,0.24696355,0.2997014
0.50176865,0.25931293,0.32700223
1.0,0.29067376,0.22001182
0.9773986,0.13119231,0.31937724
0.8159847,0.031898994,0.37916675
0.61859107,0.0037591876,0.47161546
0.48047277,0.019600488,0.57080024
0.62551,0.07928988,0.0
0.2925268,0.029930765,0.0474292
0.12625648,0.0056451526,0.11299488
0.0,0.0,0.17137705
0.5539737,0.16717933,0.048235763
0.27385473,0.10374148,0.26299757
0.32540703,0.078709,0.5195106
0.38890675,0.07519784,0.65714914
0.526483,0.24565908,0.12023667
0.2924251,0.16997413,0.3133672
0.34555116,0.14073749,0.52169573
0.4168179,0.1414543,0.6209398
0.5203248,0.31379926,0.20158575
0.34218428,0.24033785,0.3614007
0.37706864,0.21073805,0.51005495
0.4351991,0.2112881,0.588301
1.0,0.38215023,0.059262894
0.9331636,0.2174905,0.26790315
0.77123797,0.13081415,0.36455247
0.5952327,0.10454151,0.46134597
0.46030694,0.11167725,0.5441759
0.60154384,0.10998594,0.009275536
0.28834632,0.03733869,0.11023223
0.12123176,0.009538094,0.19727239
0.0,0.0,0.25375858
0.5131887,0.19357838,0.0
0.26746035,0.15068202,0.26741523
0.34168935,0.1600533,0.49459594
0.42646793,0.16877495,0.58470315
0.46672633,0.28033596,0.02315497
0.26941925,0.2329896,0.27846992
0.35052907,0.23790328,0.43152428
0.44128305,0.25217545,0.462684
0.44445544,0.36168388,0.056093965
0.29243836,0.3075997,0.26566774
0.35663846,0.30668867,0.3866034
0.42829886,0.32314083,0.42025974
1.0,0.22697313,0.2997118
0.90836245,0.08858438,0.4344148
0.7179485,0.026018873,0.4522465
0.51133174,0.03543799,0.48214877
0.3866113,0.056029186,0.4960877
0.6338826,0.031189421,0.0024594842
0.31914333,0.0064192396,0.010597643
0.13927944,0.0,0.042974524
0.0,0.0022741004,0.07108801
0.5871532,0.12204623,0.0
0.27191386,0.094790325,0.15320069
0.2899848,0.08985349,0.40041178
0.35308027,0.090954915,0.53998077
0.560284,0.20776756,0.026820002
0.2716465,0.16907968,0.19158264
0.3150907,0.1522421,0.4074044
0.39559475,0.15047848,0.50764394
0.54838884,0.28173098,0.06396959
0.33302757,0.23423544,0.22041608
0.36514682,0.21555169,0.37495202
0.43026468,0.21817924,0.45803306
1.0,0.22391135,0.37546232
0.8604242,0.116985135,0.5844652
0.6727257,0.071199715,0.5944833
0.4974964,0.08314845,0.5870891
0.38318908,0.11329931,0.55746675
0.5915864,0.0263625,0.16397
0.30180094,0.0,0.15718009
0.12653334,0.0043765525,0.17767508
0.0,0.014566324,0.18660438
0.5764218,0.103155024,0.08753891
0.28917536,0.14953545,0.2368891
0.34795383,0.18256158,0.45295548
0.42550114,0.17968975,0.5342147
0.57687056,0.19374935,0.037221253
0.30291125,0.23154683,0.20084983
0.38360134,0.24591199,0.36285812
0.47577742,0.23849095,0.3968535
0.5920826,0.2810952,0.0
0.3651707,0.2939807,0.14545415
0.43216068,0.29785818,0.26665244
0.51272935,0.29162782,0.29192093
1.0,0.33930865,0.08600137
0.95563203,0.18901452,0.24526685
0.803848,0.10055622,0.3331073
0.6385268,0.076351546,0.43594617
0.5368307,0.07810275,0.5356
0.6240152,0.0982999,0.0
0.3106424,0.041085083,0.055598922
0.13285294,0.01358687,0.1010312
0.0,0.0,0.12747024
0.55077654,0.17302075,0.014078293
0.2928439,0.1353728,0.23374158
0.3510691,0.13499925,0.45825368
0.4335261,0.13600223,0.5600819
0.50400525,0.25180718,0.049995862
0.29018846,0.20734744,0.2412547
0.33868763,0.20719367,0.40732634
0.41665623,0.21394557,0.46032003
0.47895017,0.3259661,0.10274927
0.28069806,0.29167315,0.22901593
0.26302114,0.28805247,0.34452626
0.28221992,0.29331663,0.39597142
