0.5515348,0.17595518,0.28485566
0.5028732,0.10951525,0.3494178
0.40491894,0.06293297,0.28832635
0.30796996,0.047757626,0.22210413
0.22720578,0.04953915,0.16315234
0.41101047,0.0033346415,0.12684646
0.2333577,0.0016096234,0.100997895
0.12942228,0.0,0.10408419
0.05609545,4.0590763E-4,0.0972148
0.40483066,0.04362619,0.07243991
0.19358924,0.031682193,0.048441842
0.08521405,0.029746592,0.0792875
0.0,0.027601838,0.08618729
0.39153996,0.0932734,0.03771679
0.2053791,0.09177196,0.096246734
0.25462666,0.107258976,0.21028745
0.31053737,0.110263705,0.2598715
0.37368134,0.14099085,0.0
0.21749023,0.1331287,0.079539895
0.2559469,0.14033157,0.16548058
0.30868122,0.14056408,0.2019947
0.590194,0.15116632,0.19555183
0.5504707,0.08897823,0.23413491
0.43892017,0.047790766,0.19195135
0.3269669,0.04718232,0.1464459
0.24077424,0.061136007,0.102540195
0.41277608,0.0,0.053961307
0.22880504,0.0031622052,0.05131778
0.121019244,0.008633196,0.05843784
0.040202767,0.01075232,0.048581466
0.392603,0.042441368,0.02432844
0.1861842,0.035885215,0.021340966
0.07857373,0.037656188,0.044280246
0.0,0.038675427,0.042609826
0.3806726,0.092151105,0.013727829
0.23884234,0.09816277,0.08630627
0.304329,0.107653916,0.16850878
0.35997412,0.10824084,0.18509033
0.36994573,0.13851559,0.0
0.2825202,0.13610041,0.07584097
0.33824298,0.1417259,0.13023013
0.38028303,0.14132851,0.14139168
0.5603808,0.22174892,0.238429
0.51298785,0.15381363,0.34848467
0.419457,0.10322687,0.32306302
0.33461645,0.08548239,0.27966207
0.25902185,0.08491346,0.23838957
0.40804586,0.051097006,0.1631605
0.23464921,0.02233854,0.15933199
0.13039806,0.01068908,0.16871512
0.04974237,0.0,0.166615
0.39594397,0.08644107,0.093927175
0.19988379,0.04485956,0.07207003
0.08835995,0.037907988,0.110344335
0.0,0.03105393,0.12978949
0.3766468,0.13142827,0.043885738
0.1927819,0.098041564,0.07804279
0.22015747,0.120881945,0.17197363
0.27365968,0.13713554,0.2172485
0.3483856,0.17986587,0.0
0.20026132,0.14559814,0.045502752
0.22273287,0.15459576,0.11318052
0.27460918,0.16641548,0.14504716
0.6532444,0.12428129,0.5395751
0.6309,0.052389562,0.46482366
0.49294105,0.0050930977,0.36460698
0.34849933,0.019846916,0.29840052
0.2589771,0.048722982,0.2286503
0.5099019,0.002505064,0.14344713
0.29923174,0.0,0.05526051
0.16996202,0.0017822385,0.023758352
0.072116196,0.007447958,0.0
0.48705438,0.062440276,0.16403821
0.2525377,0.04466027,0.07742828
0.109799355,0.039497137,0.07310137
0.0,0.0420143,0.043902606
0.46725002,0.11714822,0.21330172
0.26880878,0.08084452,0.24678126
0.31431398,0.059429288,0.3793161
0.37000677,0.05481714,0.43514314
0.44651303,0.16081291,0.24347699
0.2992044,0.104563594,0.29059276
0.32744637,0.084742606,0.37721515
0.3631414,0.08221811,0.4171919
0.5837375,0.19782329,0.4417051
0.53296566,0.11296469,0.4583248
0.4015429,0.05871457,0.3514171
0.2628473,0.052646875,0.25416875
0.15909076,0.055476904,0.16111097
0.44815195,0.0057693124,0.1326834
0.25218105,0.0,0.04979679
0.13515621,0.007234156,0.043757707
0.050246,0.019060731,0.04187718
0.45857185,0.060532033,0.08385864
0.21610641,0.050545275,0.008122325
0.096544355,0.055858135,0.019489616
0.0,0.05757159,0.0
0.45011425,0.12278199,0.056616515
0.21270692,0.1057235,0.08485067
0.2525096,0.11212182,0.23325232
0.30520964,0.11251682,0.3076856
0.42917013,0.18212527,0.02224958
0.22601384,0.1587264,0.08125532
0.25573468,0.1545139,0.18825287
0.30883807,0.14971888,0.2449374
0.5635165,0.27041024,0.2600698
0.5122242,0.19773018,0.3746638
0.41138533,0.14617056,0.33192474
0.3122988,0.13225144,0.27104133
0.2297295,0.13819325,0.21732187
0.42487815,0.07914454,0.17775548
0.2603164,0.04025495,0.16613764
0.1570656,0.018775403,0.16865787
0.07439181,0.0,0.16244712
0.40471902,0.11520308,0.10126777
0.2069976,0.07020342,0.07187387
0.09203145,0.05198449,0.09602563
0.0,0.035817623,0.103942126
0.37817088,0.16131139,0.04976596
0.18771598,0.13586175,0.10692079
0.23127887,0.15976298,0.21738246
0.29055998,0.17410529,0.27271074
0.3449925,0.21086901,0.0
0.18773833,0.1824792,0.07763632
0.2227411,0.19380707,0.15729815
0.27685305,0.20456284,0.1961924
0.5436598,0.22335726,0.16566665
0.52341914,0.1490615,0.20792386
0.42680743,0.091737926,0.16917667
0.31026533,0.0783301,0.13023286
0.22009191,0.08758962,0.09207869
0.41759732,0.050243318,0.035596028
0.2368817,0.020683885,0.050062366
0.13647392,0.008727312,0.0665117
0.05956748,0.0,0.0626869
0.37302288,0.09440839,0.011711836
0.17696777,0.051910937,0.036109254
0.07631788,0.03690523,0.07904433
0.0,0.026801348,0.08335146
0.33617297,0.143798,0.008218229
0.18498561,0.11018115,0.106382445
0.24429509,0.12453288,0.18435767
0.30045077,0.13654095,0.19144459
0.3037468,0.19019818,0.0
0.20497134,0.15015012,0.08968072
0.25277522,0.15814531,0.14240113
0.29393724,0.16920483,0.14124916
0.6662376,0.123604834,0.43442813
0.6350161,0.051359117,0.38636303
0.49151686,0.0061558485,0.30754495
0.34666887,0.01908791,0.25740135
0.25825003,0.047764897,0.20010136
0.4906222,0.0,0.10244331
0.27212986,0.0019786358,0.040038437
0.1463803,0.006590247,0.018605232
0.04802552,0.014518559,0.0
0.46718594,0.05896139,0.12022254
0.23130485,0.048825383,0.07830867
0.10129997,0.045182228,0.09499025
0.0,0.048732042,0.08318624
0.45168838,0.112968445,0.16296184
0.25818893,0.08291656,0.22550246
0.30396757,0.06290668,0.33662868
0.35520563,0.05902022,0.374954
0.43647638,0.15614998,0.18909447
0.29994914,0.108469486,0.2609936
0.32430163,0.08998072,0.33343738
0.35002342,0.088968396,0.35830235
0.642798,0.18380749,0.25750712
0.57548505,0.11978257,0.3666081
0.46251106,0.07221937,0.33700383
0.3617015,0.058779776,0.2923177
0.2762199,0.060310602,0.25193742
0.4444598,0.009370565,0.16173077
0.25345063,0.007221997,0.16109253
0.14125025,0.005357206,0.18085086
0.055979967,0.0,0.18202186
0.436642,0.049067914,0.09185447
0.2105102,0.03752625,0.079088226
0.091915935,0.03648615,0.12156084
0.0,0.03284782,0.1397395
0.42694443,0.10176051,0.04514931
0.22580165,0.10714251,0.1084937
0.28239095,0.12948024,0.22866565
0.34320605,0.13483518,0.27995482
0.4105283,0.15804106,0.0
0.24451482,0.15932488,0.086656705
0.29122382,0.1717785,0.17622665
0.34810215,0.17331177,0.21651919
0.56253856,0.21528924,0.16545098
0.54358023,0.14219105,0.23269242
0.44225317,0.086550295,0.21079652
0.3311351,0.0746035,0.18579607
0.24761766,0.08145189,0.15599383
0.4176486,0.044755578,0.03937182
0.2326724,0.019823432,0.05698718
0.13078168,0.008272707,0.07674632
0.052468598,0.0,0.07585461
0.37164485,0.08996898,0.010612428
0.17510921,0.052260816,0.03881161
0.07706317,0.037614286,0.09072791
0.0,0.026364148,0.106803745
0.3385359,0.14333963,0.0067998916
0.18902141,0.116383016,0.10700278
0.24750853,0.1309371,0.19423981
0.29749793,0.14099711,0.21045965
0.3115329,0.19496161,0.0
0.21306157,0.16221547,0.09158986
0.2651186,0.17132157,0.15518703
0.30608112,0.18321061,0.16526617
0.6480633,0.13820219,0.1854762
0.5948875,0.06912798,0.20066494
0.47504738,0.027671754,0.16254498
0.35983756,0.034921408,0.13155895
0.27522948,0.056414723,0.1015498
0.44312182,0.0,0.024899691
0.24411789,0.004819572,0.013673648
0.1377047,0.014374554,0.012496576
0.053230673,0.021143973,0.0
0.42155436,0.048453033,0.018552855
0.20417735,0.045176625,0.026338518
0.085754275,0.048642933,0.05083382
0.0,0.053894043,0.052726895
0.41443965,0.10127592,0.029403761
0.2840071,0.101209104,0.12454161
0.3473762,0.09983432,0.18399043
0.40009275,0.09787011,0.18186128
0.41297194,0.14793313,0.033902973
0.33606443,0.13520426,0.12262058
0.3842863,0.13232374,0.15690035
0.42275098,0.13259822,0.14786375
0.6223905,0.18432719,0.2753351
0.56911755,0.10483748,0.3310849
0.46296778,0.053424835,0.28149614
0.34979227,0.04700315,0.23500457
0.2669671,0.05769956,0.18356135
0.4389437,0.022603631,0.06326394
0.24061975,0.0036113858,0.0492751
0.12732944,0.0,0.06627999
0.038097948,6.838441E-4,0.06957199
0.41305038,0.07578874,0.027991906
0.20018932,0.037093163,0.0
0.09085086,0.028234184,0.05516289
0.0,0.024883032,0.07859148
0.3937216,0.13301373,0.020631343
0.19182721,0.09683561,0.06502603
0.23633888,0.103591025,0.18096624
0.29145196,0.1153152,0.23559874
0.3737255,0.18787885,0.01401031
0.2264714,0.1480577,0.075309664
0.26246032,0.1431486,0.15736319
0.31263265,0.15146148,0.1930229
0.5736412,0.2086376,0.16399938
0.5552947,0.12895554,0.2249604
0.45291728,0.07215786,0.20431924
0.33005852,0.058068573,0.18673415
0.24150264,0.065607965,0.1684822
0.42228597,0.047068417,0.01827018
0.22992074,0.015811503,0.032297105
0.123529196,0.0049390197,0.05725009
0.03996086,0.0,0.06771189
0.37253487,0.094784796,0.0
0.17863244,0.044920802,0.012645885
0.07884139,0.025176704,0.07146134
0.0,0.012170851,0.09777657
0.33102924,0.1456719,0.008884057
0.15571433,0.09662509,0.09500133
0.20207465,0.10097158,0.21382457
0.25927752,0.11199099,0.26533818
0.294187,0.19305557,0.016372904
0.17264861,0.1443016,0.09563143
0.20226121,0.13857728,0.17134722
0.24495059,0.14752752,0.2070594
0.6529217,0.15456945,0.27933878
0.5857321,0.08734703,0.34258538
0.4742727,0.045514047,0.29091805
0.370415,0.041807294,0.23550934
0.2899429,0.05513358,0.17882931
0.45036873,0.011222124,0.094655946
0.25076798,0.0,0.06618257
0.13689676,0.0010302663,0.0748986
0.047602892,0.0020915866,0.07581918
0.44426468,0.05974132,0.04615511
0.21615055,0.03570509,0.002205938
0.09731701,0.03656763,0.04776129
0.0,0.03833741,0.072404996
0.44359294,0.1152634,0.02364108
0.22893849,0.09453112,0.04836051
0.27196887,0.103441656,0.16001736
0.33022007,0.112791955,0.21911234
0.43754092,0.17354864,0.0
0.26919535,0.14474171,0.046409637
0.29940793,0.1410768,0.123924255
0.35158727,0.14608026,0.16154775
0.6916201,0.11733073,0.4404838
0.60245264,0.048442304,0.44367263
0.4562669,0.01868689,0.34621894
0.3227941,0.03558147,0.26844496
0.24051079,0.0678246,0.18197238
0.45343348,0.0,0.08286017
0.2411839,0.03484881,0.029533744
0.12004691,0.06714398,0.04571429
0.03454879,0.095101,0.05506286
0.4821343,0.062244833,0.06133774
0.22865286,0.08905965,0.0
0.099279195,0.11551565,0.057121128
0.0,0.13816178,0.079442084
0.5051962,0.12579507,0.07067332
0.26128086,0.14844412,0.11040118
0.30111155,0.13933194,0.28423637
0.36563155,0.13120627,0.3689678
0.51762486,0.18691862,0.07246417
0.31120297,0.1931073,0.13460436
0.32725993,0.1746977,0.24492368
0.3737605,0.16145456,0.29299664
0.5541703,0.26237422,0.20784281
0.555983,0.18394417,0.25053868
0.46115196,0.117247045,0.20887882
0.33428752,0.094700515,0.16956209
0.24077553,0.09604335,0.12803325
0.4412992,0.089845836,0.018499017
0.24775726,0.036269486,0.03248793
0.13787055,0.013386965,0.055526435
0.046738416,0.0,0.05665694
0.38108796,0.13809651,0.0
0.18768746,0.06612337,0.008758798
0.08354056,0.03615433,0.06404436
0.0,0.017483413,0.0817872
0.32796103,0.1897698,0.011730492
0.1512253,0.11967015,0.09317446
0.20391715,0.13209236,0.20801225
0.2637568,0.15266252,0.25411895
0.27678698,0.23821437,0.018392086
0.14989117,0.16943777,0.09109689
0.18686792,0.16878921,0.16388837
0.23248094,0.18604934,0.19169462
0.66754156,0.11452711,0.19359381
0.5879682,0.051607847,0.2484265
0.46339053,0.024430811,0.21920973
0.3571524,0.03738904,0.19241205
0.28605378,0.058202565,0.16899584
0.42859322,0.010090947,0.02108626
0.23218244,0.0015117526,0.008906469
0.1255391,0.0,0.007433161
0.04125631,0.0026977658,0.0
0.4172935,0.062499046,8.626282E-4
0.20554036,0.049526215,0.0030054003
0.089600325,0.043593347,0.025003552
0.0,0.04215902,0.021558985
0.42077947,0.11578888,0.0034544617
0.2832309,0.10285592,0.10387429
0.3413456,0.09812635,0.18560295
0.3880766,0.098092556,0.19383055
0.43003607,0.16413534,0.0023182482
0.3347873,0.1401133,0.091245845
0.38401723,0.13486844,0.14661288
0.42689037,0.13916534,0.15417767
0.67303777,0.07787752,0.23849256
0.58764076,0.020128846,0.2704748
0.45156217,0.004663527,0.23779921
0.34743035,0.031427026,0.21163464
0.28300488,0.05954212,0.19413525
0.40843105,0.0,0.0548961
0.2141211,0.014954567,0.029862389
0.10795727,0.026124775,0.015997127
0.023310572,0.039590478,0.0
0.41197997,0.05279672,0.04036787
0.20674151,0.06440312,0.023318112
0.09132773,0.071445286,0.026097372
0.0,0.08066422,0.005190015
0.4319089,0.10504842,0.047331512
0.308841,0.10738015,0.1255573
0.36730802,0.09571189,0.19880845
0.41160566,0.091370225,0.20297259
0.4576015,0.15068871,0.049440786
0.36692172,0.13686389,0.119677946
0.41657364,0.12722427,0.16595085
0.45798087,0.12773663,0.16885918
0.635018,0.14914197,0.36755303
0.5809959,0.08770901,0.34992602
0.45796338,0.05698186,0.2735035
0.32324848,0.08021718,0.21196122
0.23641065,0.10865003,0.15732765
0.4592462,0.026964307,0.108958006
0.2543337,0.008426189,0.047562003
0.13824785,0.0014259815,0.021381617
0.04906112,0.0,0.0
0.44496527,0.07969761,0.09703988
0.22735551,0.051236868,0.040190697
0.10368946,0.037094474,0.03662902
0.0,0.034725904,0.010186821
0.43864325,0.13328975,0.10648471
0.27397034,0.115817726,0.14332223
0.33746794,0.10954535,0.23516393
0.39265463,0.113295674,0.26526636
0.43317685,0.18247151,0.107253075
0.30636302,0.14914757,0.14792886
0.35143277,0.1396473,0.2059556
0.39826855,0.14540988,0.22121775
0.655725,0.15668464,0.23634544
0.57287055,0.09348005,0.2697528
0.4494701,0.06933826,0.21117072
0.3228522,0.09240353,0.15024817
0.24271858,0.11867803,0.09171973
0.44348675,0.023664594,0.08494994
0.24285167,0.0094822645,0.04855621
0.13627386,0.0037394166,0.035484537
0.050667018,0.0,0.021317735
0.43537664,0.0721969,0.053580463
0.21765363,0.050834358,0.014386311
0.09961364,0.041991472,0.017444864
0.0,0.040874243,0.0
0.43482918,0.124552906,0.04715064
0.26756996,0.12099624,0.09083521
0.33137697,0.12078911,0.17620325
0.38514662,0.122473896,0.20444624
0.43523073,0.17562705,0.03466402
0.30608958,0.15406328,0.08886996
0.35170984,0.14733762,0.14329846
0.40059572,0.15046161,0.16205493
0.59572756,0.20837551,0.3176738
0.5234151,0.14938629,0.3769167
0.40858766,0.11092621,0.29047298
0.2923114,0.10763931,0.19614694
0.20097712,0.11773652,0.110910326
0.44162247,0.04054916,0.15971197
0.25212845,0.022830307,0.12305066
0.14202288,0.01152879,0.112732545
0.06634593,0.0,0.09631732
0.4416102,0.08023697,0.09210858
0.21779618,0.052993953,0.035911858
0.09502828,0.04303384,0.03752595
0.0,0.034509957,0.025186181
0.43259838,0.13104635,0.048187524
0.23579165,0.12763882,0.0862184
0.29496393,0.14457065,0.2135236
0.35417065,0.1461879,0.27227774
0.4156951,0.18308723,0.0
0.2551352,0.17826807,0.07194266
0.3028719,0.1874057,0.1673141
0.35955855,0.18621528,0.21732129
0.6171016,0.20735574,0.33855423
0.5713387,0.13837916,0.35903525
0.45204347,0.08953065,0.27748728
0.3214311,0.08618772,0.20153591
0.22252929,0.09477341,0.13101786
0.46744734,0.039243102,0.10668458
0.2682675,0.014915466,0.06880459
0.15483153,0.006566763,0.06322408
0.07126671,0.0,0.04694879
0.44660002,0.09035218,0.06503785
0.22218722,0.0523026,0.012312502
0.09758031,0.04054588,0.017461061
0.0,0.03534311,0.0
0.42974436,0.14683586,0.050059974
0.24423409,0.12501776,0.10284072
0.31461054,0.13201249,0.22061276
0.37902933,0.13652927,0.2631593
0.41347778,0.20065576,0.026601493
0.27944142,0.17446125,0.09244622
0.3362925,0.17489183,0.1744422
0.38865602,0.17917788,0.20471202
0.67097986,0.13409466,0.37029976
0.591069,0.064851046,0.4010424
0.4577476,0.028927684,0.3216735
0.33327922,0.037709057,0.24421799
0.24691531,0.06320369,0.16905981
0.45284268,2.8562546E-4,0.09758952
0.2434546,0.0,0.056559235
0.12760031,0.009464145,0.06606138
0.039467663,0.019020379,0.06712952
0.4562761,0.059001625,0.06084448
0.22129229,0.04523307,0.0
0.09672499,0.047748387,0.0329746
0.0,0.055000126,0.039659977
0.46044323,0.119436026,0.05367419
0.24948516,0.10986465,0.10788417
0.31053206,0.10529637,0.2452981
0.37618503,0.10718304,0.30437934
0.46116325,0.176682,0.040932894
0.29098812,0.154145,0.11042109
0.33067283,0.14132172,0.19984223
0.3813987,0.14078456,0.2370649
0.6035495,0.06459534,0.09548977
0.52705204,0.015393019,0.17503245
0.4197593,0.0072535872,0.1893428
0.34149638,0.031356096,0.19754322
0.30429187,0.055831432,0.20432016
0.35933676,0.0,0.019860625
0.19108185,0.0017154813,0.03239812
0.09891948,0.0029435754,0.040261436
0.028519094,0.0096386075,0.03709651
0.35403094,0.04478568,0.0
0.17201045,0.043486714,0.021572053
0.07250023,0.04082215,0.04291213
0.0,0.04227513,0.03661274
0.36175004,0.08756405,8.255243E-5
0.22995552,0.082518935,0.08844304
0.27844635,0.07640326,0.1516148
0.32490996,0.074915886,0.15830043
0.3728206,0.12550116,0.0036591738
0.2609,0.1081934,0.07124901
0.2952585,0.10131109,0.11978307
0.33745494,0.10477841,0.13143854
0.5498908,0.09954679,0.18229626
0.49825537,0.054096162,0.23587199
0.39087224,0.030103743,0.2051359
0.3019526,0.03975576,0.17032036
0.2432689,0.056937933,0.14125434
0.35538542,0.0,0.049213976
0.19523245,6.92606E-4,0.050524116
0.10805553,0.003944516,0.06371861
0.040861398,0.00639534,0.06393403
0.34602994,0.040061355,0.018136114
0.16819155,0.034788728,0.016897172
0.07272899,0.036807418,0.048106283
0.0,0.039107084,0.04806681
0.34203434,0.08489686,0.010543972
0.19471449,0.0825578,0.0788361
0.24322033,0.08668977,0.1593726
0.29418117,0.089720964,0.18141769
0.33763367,0.13077182,0.0
0.21202573,0.11632037,0.06719049
0.24576896,0.11510396,0.13012019
0.29168594,0.120280504,0.14785317
1.0,0.35257527,0.6694418
0.8162116,0.24273348,0.81150883
0.6400039,0.15924934,0.66777235
0.4985978,0.11903176,0.48864838
0.38605365,0.08721822,0.33304667
0.7167215,0.0019903418,0.39087555
0.40447107,0.0021958973,0.29175556
0.21782176,0.0,0.24792321
0.08064068,0.0026592787,0.20783778
0.75805855,0.07333645,0.23738232
0.38246617,0.058676116,0.12574735
0.17191546,0.0653762,0.13010801
0.0,0.05595592,0.095053695
0.7641998,0.16757768,0.11910153
0.42251158,0.19326912,0.16874172
0.5224335,0.24063942,0.39189303
0.61940974,0.22953275,0.48536187
0.75214887,0.25817534,0.0
0.4601092,0.28259578,0.16087297
0.5456389,0.30678457,0.34590274
0.64581937,0.28846484,0.41711834
1.0,0.33087477,0.49148875
0.8452627,0.23790082,0.6665396
0.6695414,0.1641861,0.58933824
0.5165446,0.13783926,0.46820447
0.38642022,0.13127813,0.36882657
0.6839671,0.02901802,0.3526956
0.39067778,0.016089506,0.283771
0.22671825,0.0063599455,0.24195822
0.09811921,0.0,0.19753774
0.7086426,0.07720679,0.21372615
0.35756698,0.06668312,0.14112276
0.16323957,0.06940972,0.12098789
0.0,0.06642915,0.082418524
0.7084297,0.15240839,0.108188525
0.42012706,0.21254721,0.17349082
0.5145711,0.2528238,0.32366443
0.592397,0.24085788,0.3877654
0.6941917,0.23098582,0.0
0.47905862,0.28518787,0.1458498
0.5618369,0.30593583,0.26822984
0.63648564,0.28813872,0.31558773
1.0,0.32043076,0.55982447
0.8624268,0.22907437,0.65617037
0.6830506,0.15918462,0.5214781
0.53781974,0.14408235,0.36140582
0.4208967,0.1541348,0.21770081
0.70838726,0.034440078,0.2951136
0.4169746,0.016906686,0.21474074
0.23946695,0.0070164693,0.17480741
0.10641304,0.0,0.1220476
0.728818,0.094622515,0.18418562
0.36868685,0.08197072,0.07092929
0.16528092,0.07904421,0.046902936
0.0,0.075358614,0.0
0.7273525,0.17658213,0.10423603
0.42866373,0.21059532,0.15806256
0.5217965,0.24057427,0.33911493
0.60844475,0.23638013,0.40978742
0.7119451,0.25619537,0.016790662
0.4767132,0.27682403,0.14325431
0.55265117,0.29180804,0.2818358
0.63773346,0.281529,0.34467393
1.0,0.2938879,0.6059234
0.8761229,0.19966567,0.67697656
0.6907918,0.13097231,0.52646273
0.5284723,0.117247336,0.36616448
0.39807856,0.1289469,0.2207314
0.7174507,0.015326518,0.27773437
0.42292166,0.0073463144,0.19259736
0.24110948,0.0018021871,0.1530481
0.10450343,0.0,0.10171334
0.72987723,0.08142653,0.17997198
0.3721994,0.07643741,0.07348526
0.17202014,0.07320381,0.052308284
0.0,0.07038635,0.0
0.7264507,0.16694592,0.12047411
0.44032362,0.19342056,0.18445668
0.5456155,0.21429662,0.37558907
0.6292423,0.20824139,0.4526893
0.7145549,0.24841805,0.04856499
0.48742074,0.264446,0.18239948
0.5743986,0.27241337,0.32832673
0.65690005,0.26012918,0.3900167
1.0,0.2825066,0.69481874
0.88025,0.19051376,0.71158946
0.68706995,0.124224685,0.52306074
0.5261921,0.11582612,0.32857242
0.4061085,0.12871712,0.14900748
0.7112523,0.0,0.29603323
0.41274267,0.023679012,0.18272504
0.2375322,0.03397567,0.13526528
0.1024902,0.040551588,0.0858477
0.74540216,0.071748175,0.21232441
0.37603873,0.091217555,0.08571038
0.17718177,0.10345063,0.058387063
0.0,0.10886397,0.0
0.7565752,0.16353671,0.16716431
0.44952205,0.19838871,0.19895557
0.56255716,0.21318448,0.40003985
0.65266216,0.20035546,0.49139106
0.7475912,0.25344238,0.105239876
0.49871314,0.2678919,0.21325259
0.58834857,0.27109814,0.3712917
0.67146635,0.25318542,0.4477424
1.0,0.35492164,0.5648615
0.837564,0.26990047,0.70909715
0.6740293,0.19475088,0.5776318
0.550376,0.16326034,0.41398588
0.45849198,0.14604914,0.27184626
0.7106183,0.04227217,0.34281376
0.4221673,0.039344758,0.2723584
0.253342,0.020539396,0.23717421
0.12932068,0.0,0.19699185
0.7347552,0.093748495,0.20551229
0.37583226,0.08425411,0.08212374
0.17405324,0.078425415,0.064723596
0.0,0.06615746,0.031820565
0.73374593,0.17232083,0.10352627
0.4268216,0.22949326,0.14845261
0.5250507,0.27304068,0.34044623
0.607763,0.26141486,0.42304268
0.71920615,0.25531486,0.0
0.46863776,0.3068639,0.14987727
0.5472143,0.33070198,0.30336356
0.6278049,0.31291345,0.3668771
1.0,0.2994557,0.42066082
0.87375796,0.20988695,0.6157396
0.696656,0.1463504,0.55419296
0.54540855,0.13069256,0.4596491
0.41891518,0.13462493,0.36563087
0.6772605,0.0037904363,0.30976483
0.3904079,0.015128085,0.31958622
0.22425537,0.010601556,0.3407797
0.10552232,0.0,0.3303862
0.6731123,0.05861357,0.18107416
0.334986,0.06598823,0.15048166
0.1515835,0.07415633,0.16475606
0.0,0.0728962,0.1629768
0.66091835,0.13675617,0.08827245
0.40949747,0.19879664,0.19509874
0.5149697,0.23111035,0.33258903
0.5914044,0.21682201,0.37044975
0.64561,0.2127711,0.0
0.4610294,0.2737951,0.16140859
0.55834323,0.29506165,0.26841217
0.63176787,0.27415976,0.29827133
1.0,0.27069575,0.45683175
0.90159935,0.17051713,0.50699127
0.7090086,0.10519204,0.3981618
0.52185434,0.09588537,0.2846514
0.3707116,0.104899086,0.18813494
0.7133893,0.005885892,0.15641591
0.39918554,0.0,0.09716776
0.22118314,5.0400116E-4,0.073532574
0.08685619,3.7157288E-4,0.033756673
0.7053672,0.067902215,0.08922246
0.34816065,0.064554475,0.055322777
0.15559363,0.0653648,0.068552434
0.0,0.06697925,0.03594578
0.6929548,0.14534496,0.05250162
0.43122062,0.17242284,0.15999173
0.5370831,0.19253966,0.30375355
0.62978125,0.19047683,0.33603024
0.67694306,0.21960048,0.0
0.49416235,0.23488924,0.13763973
0.574181,0.24693282,0.24140212
0.6485562,0.24361016,0.26560396
1.0,0.2570598,0.47302473
0.88433367,0.15791003,0.505159
0.68093884,0.0966234,0.37810805
0.5032381,0.09342805,0.24619062
0.3737328,0.11501309,0.1233934
0.6946559,0.0,0.15538734
0.36538506,0.0053615123,0.08112992
0.19845034,0.014467086,0.0586426
0.06535068,0.018283367,0.026220143
0.7017003,0.06550697,0.090566665
0.3383848,0.07066729,0.029097335
0.15649527,0.07955693,0.03836446
0.0,0.08419139,0.0
0.702391,0.14674807,0.055891152
0.44353512,0.17194374,0.12894717
0.5627203,0.18896575,0.28629565
0.65354705,0.18548603,0.33513403
0.7001807,0.22251636,0.005999757
0.50742686,0.23429132,0.12747817
0.5975899,0.24068077,0.2372395
0.6743199,0.23424011,0.2700768
1.0,0.32186222,0.591802
0.8942586,0.21045053,0.6565383
0.707235,0.1346053,0.516908
0.52253246,0.117528,0.36476696
0.36714268,0.12035525,0.2335537
0.7553589,0.035372995,0.24392907
0.44680887,0.006602855,0.1388713
0.25111985,6.7433466E-5,0.10033743
0.1064622,0.0,0.052960973
0.76482415,0.10851303,0.14666751
0.38705882,0.076484665,0.040701024
0.17130387,0.07146484,0.037142474
0.0,0.068292744,0.0
0.7481534,0.19517706,0.086529896
0.41504887,0.18828094,0.15392554
0.5138916,0.21138275,0.3740643
0.62270933,0.21454334,0.47685707
0.7174326,0.28057963,0.012575162
0.4530124,0.26592413,0.12880059
0.5276121,0.27523142,0.28931677
0.6259818,0.2730722,0.37720665
1.0,0.34303644,0.63768905
0.863948,0.22945815,0.7610771
0.66702163,0.15143803,0.61471945
0.47195643,0.13268581,0.4380044
0.3236339,0.13839212,0.26047468
0.7462118,0.03465956,0.33476314
0.41600525,0.0,0.21893911
0.21814814,0.004711142,0.2006454
0.08230322,0.014280727,0.19275197
0.76310587,0.10660104,0.20065026
0.36706844,0.06242269,0.07292141
0.1541339,0.06542054,0.11717278
0.0,0.066990435,0.13148873
0.736993,0.19968279,0.10120161
0.35515487,0.18831952,0.13860168
0.4187553,0.22481298,0.39672
0.5103409,0.23377624,0.544183
0.6867132,0.2949599,0.0
0.37576604,0.27554324,0.11866789
0.4252971,0.28735596,0.30424812
0.51139855,0.2910394,0.4147003
1.0,0.3103068,0.5536958
0.936822,0.17651038,0.525264
0.71399885,0.087112546,0.37924576
0.46110186,0.0848911,0.26698032
0.27754843,0.10520023,0.1570724
0.77313906,0.03686291,0.069879964
0.41937935,0.004484591,0.0066198646
0.22178702,0.0,0.024807557
0.073466994,8.682491E-4,0.02857731
0.72522306,0.1318368,0.05265663
0.34716386,0.06749555,0.0
0.15514323,0.043196652,0.07700349
0.0,0.028295776,0.08614363
0.67426544,0.2221234,0.07525853
0.3274217,0.1462964,0.1935582
0.4290545,0.13354425,0.41293252
0.540785,0.1382464,0.5057808
0.624362,0.29561988,0.08031487
0.3834308,0.20296544,0.21456967
0.44881454,0.18156137,0.3649052
0.5252788,0.18477309,0.4193296
1.0,0.44447142,0.7330279
0.91633266,0.31597647,0.83851206
0.7388584,0.211014,0.67039233
0.531696,0.1681496,0.48693305
0.35974678,0.150116,0.30726525
0.84558547,0.09466834,0.3183906
0.49107826,0.025773887,0.17217074
0.27198443,0.007351075,0.1271635
0.11577004,0.0,0.09226292
0.83929735,0.17044708,0.19004515
0.4093852,0.09007576,0.047023088
0.1737105,0.07172428,0.077979594
0.0,0.056757383,0.076047905
0.7849642,0.26617983,0.099161826
0.3714559,0.227118,0.15134072
0.44322994,0.2744814,0.43678662
0.54748714,0.29049268,0.5909806
0.7069495,0.362315,0.0
0.37275863,0.32921395,0.1452975
0.43252826,0.3503127,0.3580159
0.53316885,0.35565794,0.4764104
1.0,0.31667793,0.5708987
0.8709325,0.21807788,0.6961918
0.6853561,0.14320698,0.58401877
0.51093775,0.115465395,0.44321096
0.35855246,0.1080043,0.3262013
0.7198443,0.024771128,0.29786164
0.39624894,0.0,0.19757773
0.20637883,0.004114777,0.16697584
0.07124982,0.017512294,0.14028305
0.74494374,0.084503435,0.17949666
0.34988123,0.05333135,0.09907646
0.14899065,0.06814795,0.13270913
0.0,0.082354516,0.1353524
0.73815835,0.16974182,0.09121984
0.39592534,0.19672693,0.17321326
0.4965924,0.23694076,0.379484
0.5909309,0.23531345,0.4795844
0.71237135,0.26015362,0.0
0.45094347,0.28991044,0.14600478
0.53271836,0.30703864,0.29829624
0.62096554,0.29428124,0.37155402
1.0,0.37009168,0.5085019
0.87813395,0.2619506,0.6944087
0.6851232,0.18699495,0.60560274
0.49443233,0.16536371,0.48100704
0.33175263,0.16773176,0.34693536
0.7139199,0.0650955,0.32018477
0.39260703,0.009632592,0.2601635
0.19923599,0.0,0.25514352
0.057262793,0.0065312777,0.24647933
0.7088115,0.116758175,0.19043031
0.32581988,0.054921087,0.1443295
0.13427614,0.058252014,0.19000731
0.0,0.07182087,0.20713398
0.67945635,0.1939281,0.094276674
0.35614207,0.21516979,0.19895014
0.46138537,0.25821203,0.36882856
0.5579762,0.2622648,0.4283013
0.63419324,0.27277434,0.0
0.39534476,0.31586584,0.18261944
0.49066684,0.33723766,0.32194033
0.5800867,0.325227,0.37689143
1.0,0.41893488,0.5277095
0.80929655,0.3097162,0.7723728
0.63004506,0.24169034,0.71599644
0.48612615,0.21492161,0.61114204
0.3470213,0.20203252,0.5051313
0.6526548,0.13485841,0.37712848
0.3850231,0.06408947,0.31912476
0.20525454,0.026045443,0.27971265
0.06973851,0.0,0.23063572
0.6594515,0.20106953,0.21504755
0.36526093,0.10192659,0.102027856
0.16471438,0.072759174,0.088206194
0.0,0.05155002,0.06712348
0.63439125,0.2814819,0.10054912
0.31138638,0.23637241,0.16334923
0.37617534,0.282709,0.36920103
0.4757195,0.30598956,0.47052023
0.583311,0.3638502,0.0
0.30789885,0.3223115,0.12222122
0.3649549,0.34186485,0.2880593
0.46393555,0.35586587,0.38647622
1.0,0.27264777,0.32034662
0.8415421,0.17906326,0.55686086
0.6725042,0.13455684,0.553471
0.53097713,0.12966426,0.5027899
0.4026148,0.13905488,0.44941756
0.63712156,0.039099663,0.2784217
0.3753569,0.020465018,0.29297274
0.21078256,0.010019703,0.30532604
0.09095012,0.0,0.2964943
0.6253944,0.09682546,0.15184195
0.3354018,0.055270523,0.12236415
0.1501479,0.052919902,0.14840586
0.0,0.04837191,0.14669658
0.60419303,0.16868967,0.07030116
0.3201447,0.15969035,0.1642332
0.38546315,0.19261718,0.3285213
0.4789899,0.204884,0.4008755
0.5753401,0.24409837,0.0
0.34681362,0.23290285,0.114265405
0.39484987,0.24285507,0.23260945
0.4815762,0.24874702,0.28877243
1.0,0.19973245,0.2520227
0.860716,0.12888625,0.5275219
0.713636,0.09625546,0.55467093
0.60249305,0.093701966,0.52224267
0.50384974,0.1082345,0.48317888
0.62740564,0.010980527,0.3261971
0.36544523,0.003909414,0.36370802
0.20732737,0.0035977878,0.381499
0.09502237,0.0,0.37513834
0.62232137,0.05267364,0.18520184
0.32429534,0.024795042,0.17549714
0.14079495,0.028428497,0.20948635
0.0,0.030017857,0.21877705
0.61405945,0.11531371,0.08310783
0.33820748,0.11056428,0.1540885
0.37069824,0.14963055,0.27663386
0.4504737,0.16949359,0.33069938
0.59569734,0.19039732,0.0
0.36692002,0.18120413,0.08639557
0.3954023,0.19921082,0.16961963
0.48178473,0.21499701,0.20781034
1.0,0.30523565,0.4327726
0.8215793,0.22497256,0.6534025
0.6643329,0.17214942,0.6103222
0.54009897,0.1523628,0.5254195
0.41895,0.15317841,0.44555715
0.64387345,0.0788944,0.33334592
0.38349578,0.040150717,0.28510305
0.21626182,0.017853277,0.24741054
0.09163317,0.0,0.20331988
0.65929055,0.13188618,0.18940482
0.36529857,0.0742203,0.08542131
0.16641428,0.058439497,0.05755628
0.0,0.043181226,0.02076497
0.6544766,0.20253883,0.08752427
0.3433356,0.19431664,0.12560211
0.39133704,0.23551658,0.2881058
0.4785276,0.25090137,0.36607036
0.6277511,0.27991253,0.0
0.3684298,0.26827377,0.106275454
0.41101155,0.28307313,0.24632563
0.49785945,0.2892279,0.32631782
1.0,0.29495674,0.3719966
0.85876817,0.1957577,0.57268405
0.68937504,0.14019425,0.53792155
0.53392106,0.12862408,0.46493772
0.40133289,0.1370738,0.39266837
0.6802876,0.051821943,0.25197646
0.40172556,0.02048349,0.23186976
0.23371549,0.009192355,0.23481897
0.10158027,0.0,0.2186189
0.66717815,0.11363949,0.13865039
0.35172427,0.06929493,0.09287708
0.15926482,0.06793859,0.1382193
0.0,0.06333625,0.14772663
0.6437985,0.18758087,0.06698656
0.33510068,0.16578148,0.1526347
0.38991034,0.19507489,0.34402722
0.4784471,0.20810613,0.43638545
0.6099417,0.2661473,0.0
0.3584143,0.23986112,0.10938433
0.39592817,0.2468027,0.24241209
0.47868463,0.25415096,0.3071741
1.0,0.28415236,0.24271177
0.89467525,0.17871656,0.43661895
0.7097236,0.12663417,0.4367636
0.54087204,0.12369294,0.40075102
0.40516624,0.14342664,0.35924777
0.6641915,0.036025457,0.18395731
0.37421992,0.014692233,0.22723301
0.20912828,0.006793595,0.26788938
0.07978324,0.0,0.27322507
0.62435955,0.10038002,0.0958242
0.30290067,0.06681278,0.12355769
0.13111666,0.06566582,0.21114874
0.0,0.06324904,0.2519256
0.59097767,0.17886885,0.046058424
0.29888922,0.15944162,0.1774639
0.35835093,0.18391389,0.34038454
0.45013213,0.19639629,0.41304702
0.56218255,0.26224765,0.0
0.33415845,0.23004504,0.1247288
0.37198183,0.23218095,0.23107933
0.4528314,0.24060376,0.2719229
1.0,0.3004705,0.41874906
0.87061846,0.20283832,0.58769584
0.68818617,0.14415403,0.52901894
0.51492256,0.13167286,0.44329542
0.37616658,0.1362269,0.36153775
0.70702356,0.058262277,0.22812201
0.4141724,0.019848526,0.1954137
0.2428052,0.009011653,0.20286116
0.10678195,0.0,0.19277011
0.6905842,0.12150814,0.12555255
0.3486288,0.076099664,0.07722601
0.15590192,0.074241124,0.1294953
0.0,0.07191636,0.14177915
0.6641619,0.19568041,0.06390059
0.34908497,0.17279975,0.16881771
0.43568602,0.19999294,0.36767742
0.53575164,0.21264735,0.4535648
0.62498736,0.27375346,0.0
0.37171075,0.24835254,0.12478899
0.4305279,0.25801766,0.25694135
0.5175603,0.26692605,0.31066805
1.0,0.27259463,0.37678555
0.8524423,0.17939995,0.603105
0.6929735,0.12600987,0.57624555
0.5520723,0.114341184,0.51044506
0.429981,0.12713347,0.44989848
0.6564363,0.043685775,0.29884854
0.3842415,0.014951776,0.28482196
0.21762091,0.0074428027,0.28946468
0.08845224,0.0,0.2820634
0.65232784,0.09471372,0.1701512
0.33274537,0.05625471,0.12411403
0.14597592,0.05751732,0.1737176
0.0,0.057677213,0.19987528
0.6406137,0.16236787,0.082227774
0.33637735,0.1560961,0.1706003
0.39431828,0.19159758,0.3422239
0.49211654,0.20799081,0.42177835
0.6166886,0.24128562,0.0
0.3645528,0.23191017,0.11114564
0.40569022,0.24569464,0.22757594
0.49683368,0.25444937,0.28651053
1.0,0.25071645,0.45461172
0.8032648,0.18375099,0.7065071
0.6475233,0.13855325,0.6840638
0.5282778,0.12497886,0.61260635
0.40767917,0.122240804,0.5400825
0.6317578,0.048943784,0.3918529
0.3787385,0.01770259,0.3515391
0.21367738,0.0074231504,0.32339913
0.096110485,0.0,0.28857216
0.6538776,0.098763146,0.226922
0.36582538,0.044721756,0.127531
0.16296075,0.04746324,0.10274489
0.0,0.052099627,0.06847494
0.6584013,0.16641624,0.10516623
0.37907144,0.1418068,0.12616809
0.4018114,0.18141043,0.2658488
0.46482846,0.2022149,0.33260846
0.6413698,0.24329454,0.0
0.4022686,0.22695233,0.09035572
0.43808225,0.24641061,0.2238087
0.5154971,0.26085216,0.29944238
1.0,0.2925009,0.41374692
0.8812121,0.18784472,0.58968806
0.71045274,0.12783358,0.5382807
0.54540604,0.11693638,0.45871928
0.41356954,0.13097222,0.38413078
0.7041166,0.06629502,0.1941487
0.413317,0.021710154,0.15032166
0.23748912,0.0089622075,0.13170251
0.09886929,0.0,0.10432517
0.6811575,0.1328425,0.09282353
0.36305434,0.07014522,0.01147484
0.16491605,0.055646624,0.030031025
0.0,0.04554153,0.023505492
0.6500673,0.21032378,0.043825295
0.32941213,0.17311199,0.11594335
0.39247742,0.19456318,0.30930912
0.4821274,0.20968206,0.40621617
0.61275136,0.29122642,0.0
0.3673192,0.25479776,0.10856122
0.41828018,0.25919947,0.24849938
0.50038296,0.26861048,0.3246504
1.0,0.3182706,0.32864773
0.94125617,0.20880727,0.5689759
0.8545411,0.1227693,0.57218874
0.761787,0.057362247,0.55008537
0.6823606,0.02662511,0.5526522
0.7320244,0.08916859,0.22769134
0.43445784,0.028379966,0.199034
0.25682223,0.008197029,0.17885855
0.11774836,0.0,0.13911398
0.6940624,0.14887147,0.11047548
0.3713817,0.073963754,0.02072576
0.16571274,0.047770396,0.021715699
0.0,0.036329627,0.008648458
0.6561096,0.22384438,0.048085865
0.34820905,0.18191835,0.112564914
0.40180022,0.20997836,0.29458413
0.4854822,0.23439324,0.38823557
0.6204557,0.30709887,0.0
0.36889598,0.2704189,0.1192099
0.41974145,0.27914697,0.2625709
0.50600225,0.29375997,0.3471119
1.0,0.32178035,0.34141383
0.87453026,0.20536736,0.6212806
0.7723587,0.13477726,0.63880336
0.6879306,0.08895301,0.6193191
0.59873295,0.06799425,0.6057739
0.64573085,0.087011814,0.3069638
0.3787512,0.039322708,0.26611063
0.2115287,0.015306237,0.22431542
0.0862426,0.0,0.17416832
0.63297886,0.14685765,0.16591665
0.3484824,0.08296691,0.060594983
0.1597511,0.06351833,0.029994193
0.0,0.050527487,0.0
0.6131257,0.22097996,0.07588555
0.32895872,0.19534047,0.115088135
0.35515165,0.22881822,0.27499238
0.4205311,0.24881013,0.35472217
0.58792603,0.2993174,0.0074971993
0.35785654,0.2786723,0.118840665
0.3945995,0.29169318,0.2601468
0.47410935,0.30376235,0.34453368
1.0,0.24620914,0.37481374
0.8965146,0.14963417,0.57644403
0.7866027,0.080013394,0.5618188
0.67608404,0.027013201,0.53313756
0.5805921,0.0,0.51839554
0.6698053,0.060664438,0.2081379
0.39442062,0.03214219,0.1637269
0.22824955,0.027689286,0.13727956
0.10567467,0.031196453,0.09746782
0.6559201,0.12594783,0.11211903
0.34888428,0.089597896,0.013340718
0.15392758,0.0842761,0.012466438
0.0,0.08977974,0.0
0.64629245,0.20337869,0.06798037
0.37119144,0.1946798,0.11225214
0.42049626,0.21071304,0.29122755
0.49393487,0.22323991,0.3885846
0.6402347,0.2853464,0.037767205
0.40717053,0.27693102,0.12872232
0.4442713,0.2757701,0.2709882
0.51233244,0.27856448,0.3634225
1.0,0.3116625,0.57970196
0.82719713,0.21306525,0.8328427
0.6999774,0.14481616,0.8123851
0.5992821,0.080448665,0.7552118
0.52279216,0.044537764,0.7100295
0.6328775,0.1139919,0.4421729
0.37833467,0.04793717,0.35352454
0.21099205,0.017817998,0.27793306
0.0788739,0.0,0.20907749
0.6390771,0.17360708,0.2946214
0.35684872,0.10028071,0.12587388
0.15648691,0.07463732,0.052926373
0.0,0.06466412,0.0
0.635866,0.24886262,0.20439388
0.32922032,0.23632604,0.21076034
0.35948873,0.26459938,0.3755892
0.43244687,0.28141555,0.4702857
0.6218415,0.3327937,0.13091761
0.35849974,0.32178667,0.20870861
0.38351023,0.32052478,0.349795
0.46186793,0.31977558,0.44719636
1.0,0.21810427,0.226995
0.90052766,0.13175409,0.4751451
0.78087133,0.064974226,0.50519806
0.6603183,0.01568382,0.5048163
0.57737637,0.0,0.5171636
0.6456035,0.051829122,0.24618849
0.3762669,0.038930546,0.2541171
0.22772168,0.03661068,0.24423075
0.11113471,0.03800068,0.21593246
0.6296395,0.10086196,0.13075878
0.3294705,0.08639006,0.09562511
0.14663628,0.08214839,0.101455934
0.0,0.08387243,0.08897082
0.6296449,0.1657536,0.057962578
0.38013434,0.18720941,0.14111938
0.4482689,0.21027662,0.2674808
0.5279113,0.2198184,0.32162368
0.6370669,0.23981585,0.0
0.4428694,0.26226467,0.13467708
0.49966645,0.26977015,0.24853577
0.57832634,0.27316308,0.3003383
1.0,0.24391258,0.2924047
0.8792918,0.15516706,0.5790874
0.7652052,0.08969151,0.6025141
0.67129993,0.038114116,0.5858735
0.6047876,0.012975887,0.57691914
0.6394682,0.057567712,0.3223503
0.37281498,0.025398271,0.3042651
0.21742058,0.009790884,0.2613737
0.09936607,0.0,0.20548718
0.6341368,0.10203922,0.17848489
0.33863983,0.06283143,0.10494557
0.15361123,0.047215044,0.08592084
0.0,0.039816126,0.05620603
0.6349618,0.16681817,0.080221266
0.3552091,0.17700136,0.14706315
0.41773033,0.21156363,0.28635323
0.49730626,0.22682138,0.34593385
0.63320315,0.24118695,0.0
0.41849107,0.26241305,0.1366966
0.47393382,0.27990308,0.2750375
0.5540772,0.2877549,0.3440937
1.0,0.21409671,0.39375448
0.8793384,0.1302366,0.6167039
0.7485381,0.05961329,0.5880282
0.62020236,0.007933592,0.532745
0.5146186,0.0,0.48287448
0.65411466,0.036807653,0.27190545
0.36743656,0.031505704,0.24704704
0.20519136,0.03770092,0.2387021
0.08137314,0.043949094,0.22177605
0.65745133,0.0913566,0.14726332
0.32385224,0.08370223,0.07186336
0.14013408,0.08816858,0.115372546
0.0,0.0987244,0.13339774
0.6665134,0.16328752,0.06592604
0.368222,0.1780475,0.11845962
0.43345064,0.195947,0.29860878
0.5201318,0.20528452,0.3872889
0.6716416,0.24249552,0.0
0.4257041,0.25887188,0.12043252
0.4748559,0.26218364,0.26446325
0.5553617,0.26473445,0.3416561
1.0,0.21776994,0.16379242
0.9381158,0.11639413,0.37435827
0.81215036,0.0429956,0.4076783
0.6676161,0.0,0.41352138
0.56422836,0.005612868,0.44054627
0.64057493,0.05252813,0.16277985
0.35804895,0.04776861,0.19784607
0.20583664,0.05171895,0.2116623
0.09127842,0.05839359,0.19679831
0.6080911,0.11275855,0.077159844
0.309878,0.098612085,0.068605736
0.13393012,0.09757638,0.10750641
0.0,0.103351735,0.12199099
0.60437036,0.18461423,0.032326456
0.36205843,0.19287896,0.123082556
0.41539288,0.20782721,0.25700176
0.49627128,0.21543258,0.3217791
0.6203888,0.25962183,0.0
0.44738296,0.26934114,0.11814815
0.50121385,0.27126777,0.21706204
0.5846731,0.27284122,0.26018035
1.0,0.17956936,0.30559763
0.81981415,0.16163746,0.57313603
0.66632813,0.1366461,0.6001553
0.5642389,0.12719525,0.545736
0.4870159,0.12922023,0.51120627
0.5522185,0.028488172,0.43196625
0.31774122,0.03092408,0.45207298
0.18518808,0.018163558,0.45714098
0.086346455,0.0,0.43800145
0.57900083,0.039112154,0.26220116
0.28021818,0.049311407,0.21887101
0.12549758,0.047216352,0.20526949
0.0,0.03819898,0.19589914
0.61382824,0.07499154,0.12101888
0.35707638,0.14750901,0.151021
0.45131505,0.18240097,0.23502675
0.5307117,0.17223464,0.27472183
0.6429181,0.12835053,0.0
0.45016617,0.20622964,0.07630292
0.5318985,0.2292873,0.15372448
0.60945076,0.21576606,0.19444248
1.0,0.1859021,0.35806447
0.84613115,0.110069096,0.6152387
0.7037975,0.056304343,0.6135226
0.59282357,0.020024238,0.5698821
0.50388366,0.0049534813,0.5383236
0.61780304,0.004967991,0.3320089
0.35377225,0.0023184083,0.3345351
0.20185563,0.0039625936,0.3376283
0.0810752,0.0,0.3197109
0.63229156,0.04810602,0.18703249
0.31785864,0.04263533,0.13585064
0.14262532,0.04947477,0.1550098
0.0,0.05421497,0.15293455
0.6499239,0.110523425,0.08546165
0.35979936,0.14097595,0.14957364
0.4362778,0.16731825,0.3078052
0.5199369,0.17082019,0.38179123
0.66229475,0.18418,0.0
0.4292343,0.21681514,0.13219032
0.4870636,0.22811873,0.27494442
0.56428194,0.22579946,0.34720623
1.0,0.17049608,0.339301
0.9056418,0.09144542,0.5441941
0.7674748,0.035099987,0.5260476
0.63228315,0.0,0.47804987
0.54140955,0.0039897365,0.44553077
0.6476105,0.031633664,0.2371356
0.357489,0.027036367,0.20539244
0.19811442,0.028090285,0.1772658
0.077505626,0.031542983,0.13768432
0.63970405,0.08637753,0.12393807
0.32458052,0.07790541,0.037894502
0.14062408,0.07397823,0.0407266
0.0,0.076645434,0.03799123
0.65931785,0.1547424,0.053732023
0.38585126,0.17463177,0.083640404
0.4382784,0.18677224,0.20914923
0.51436967,0.188728,0.27114686
0.68894696,0.22549109,0.0
0.4991013,0.24835218,0.09488484
0.54757535,0.24948789,0.21396606
0.62172234,0.24641839,0.27788618
1.0,0.24078703,0.17667682
0.9404086,0.1252841,0.33792827
0.8225617,0.041538127,0.3400406
0.6698427,0.0,0.32999927
0.55792934,0.00566139,0.33385882
0.6538871,0.067933224,0.10279169
0.36461973,0.0528486,0.07703765
0.20797314,0.053826995,0.060517296
0.0944534,0.06412732,0.046579946
0.618725,0.13410269,0.041550748
0.31112817,0.11330624,0.0
0.13588054,0.105920866,0.027011748
0.0,0.10712764,0.04626747
0.62502235,0.20945518,0.018034017
0.37950447,0.20511353,0.07421565
0.394073,0.20538616,0.21346009
0.4387779,0.20473595,0.29056412
0.65509325,0.28304365,0.0028193025
0.5202157,0.2865777,0.11191063
0.570417,0.2828543,0.22328585
0.63378936,0.28138497,0.28533295
1.0,0.21370126,0.45787778
0.908778,0.11182032,0.61891407
0.7372665,0.065132305,0.56926554
0.5700647,0.0764171,0.5060978
0.45089144,0.10591263,0.45201206
0.68579483,0.022457756,0.21286097
0.39004403,0.0028563507,0.13664621
0.21669582,0.0,0.10748867
0.08376823,0.001698028,0.08171658
0.67303044,0.08673742,0.11053846
0.3398699,0.0606393,0.0
0.14935052,0.051843323,0.014413953
0.0,0.046932742,0.019310338
0.67735237,0.16577195,0.055398718
0.3656531,0.16941299,0.084080696
0.43663165,0.18007693,0.25100344
0.5244881,0.18106416,0.33849877
0.6900134,0.24744199,0.0069691953
0.4872471,0.2572075,0.097475
0.5561229,0.25893316,0.2372944
0.63657755,0.2562446,0.3217877
1.0,0.3190813,0.55830216
0.86056614,0.23479128,0.7688236
0.6874388,0.19115722,0.70892143
0.53940207,0.19212914,0.6125656
0.43769228,0.20970663,0.5275546
0.6625241,0.11270275,0.35178706
0.38075355,0.051370803,0.25661203
0.21440412,0.023491722,0.21378733
0.09483966,0.0,0.18551205
0.6749835,0.15778026,0.19651675
0.3497632,0.1019445,0.031509373
0.15307869,0.077785395,0.015049643
0.0,0.05811257,0.00928839
0.69023883,0.22995013,0.09094935
0.3619373,0.23414895,0.06314288
0.41642722,0.26446608,0.22419162
0.49720693,0.27208012,0.3174878
0.699788,0.31325355,0.0
0.46312472,0.3383191,0.07123682
0.51394844,0.35597146,0.21260142
0.5900468,0.35951763,0.31376183
1.0,0.20880453,0.5392714
0.83862823,0.122506745,0.7189556
0.6663928,0.07940608,0.649207
0.5182651,0.0707221,0.56526715
0.38954598,0.07707541,0.49110562
0.6442434,0.022345632,0.28229758
0.37170032,0.002027268,0.20583318
0.20128691,2.7709178E-4,0.18505768
0.0779088,0.0,0.17846008
0.6693276,0.08104455,0.15144426
0.34809026,0.056032494,0.015813384
0.15738668,0.056159075,0.03673845
0.0,0.056153163,0.05044915
0.69374204,0.15784253,0.07157584
0.3784382,0.17538108,0.08437635
0.44664934,0.19468734,0.27563566
0.5254974,0.19556913,0.38347244
0.70912194,0.24209483,0.0
0.47337633,0.26696798,0.09472779
0.53504527,0.26973933,0.25743687
0.6122841,0.2643646,0.35974583
1.0,0.16934513,0.46714294
0.8594196,0.09478339,0.5913707
0.674682,0.05932572,0.5203891
0.5206822,0.06564913,0.44654977
0.3914941,0.08714875,0.38521072
0.63308024,0.0,0.1995764
0.34501106,0.035126865,0.13754949
0.17590742,0.061787885,0.142408
0.05388421,0.07937822,0.13658011
0.66182977,0.05660539,0.107169285
0.31381342,0.093106546,0.025488896
0.13519944,0.121663906,0.083291605
0.0,0.14067897,0.11240317
0.69758254,0.1309841,0.05287493
0.40625083,0.17798407,0.103089266
0.48947737,0.18834145,0.30110523
0.5760563,0.17962916,0.39835873
0.7296126,0.2097792,0.0
0.5178707,0.25161612,0.10830008
0.58413196,0.25284705,0.25725955
0.6555121,0.23838225,0.33776838
1.0,0.16585313,0.38096783
0.8865346,0.086040705,0.54702115
0.7147865,0.052910365,0.5191782
0.56382215,0.07049217,0.4787778
0.4405295,0.10247461,0.45202836
0.6293933,0.0,0.2005768
0.34533307,0.03158651,0.17942937
0.17755999,0.0578688,0.18589197
0.05571816,0.07613363,0.1753687
0.63648957,0.06199829,0.104493685
0.30444455,0.09165916,0.04321897
0.13443409,0.12018429,0.086647965
0.0,0.14132962,0.10620146
0.6612027,0.13630612,0.048426572
0.39051706,0.17997089,0.10556943
0.48157316,0.1911255,0.2641675
0.57048625,0.18486255,0.33538264
0.69196653,0.21264656,0.0
0.51511246,0.25278223,0.11000421
0.58990264,0.25335,0.23460245
0.66288644,0.24195993,0.2973165
1.0,0.20059493,0.29396835
0.96384925,0.097190596,0.4624526
0.83309984,0.024103956,0.46290457
0.6919977,0.0,0.45062104
0.58898515,0.017635155,0.45227948
0.6902881,0.016589604,0.14305343
0.3820035,0.026040372,0.10996368
0.21262795,0.039547283,0.11388194
0.09025059,0.051130418,0.10677666
0.6488275,0.084451824,0.064816065
0.3139072,0.083967365,0.0060300743
0.13339524,0.092932485,0.06823887
0.0,0.09705266,0.11595195
0.64156425,0.16586351,0.028998133
0.38400033,0.18322784,0.0905239
0.42448714,0.19472216,0.24444568
0.49171355,0.19245942,0.3206718
0.6643737,0.24657185,0.0
0.5359885,0.26071715,0.13195734
0.5977224,0.2640548,0.25723904
0.6653557,0.26116836,0.32559493
1.0,0.19461963,0.4121536
0.8763136,0.10822817,0.64795905
0.70204896,0.06814973,0.65682113
0.5581408,0.07652718,0.63591474
0.4406806,0.10724598,0.6234831
0.6058396,0.022172421,0.2595037
0.3105964,0.0,0.25102535
0.13477977,0.01751964,0.28637323
0.016593374,0.039661057,0.3027171
0.6177036,0.07778967,0.13852093
0.2771998,0.047460023,0.09706447
0.102800004,0.06495795,0.1771037
0.0,0.08669844,0.2366649
0.63695705,0.15642385,0.063169025
0.3160365,0.17398316,0.14485846
0.38614362,0.20055595,0.33502218
0.48155922,0.20714463,0.4358939
0.65754724,0.24205875,0.0
0.4286542,0.27130193,0.14006227
0.493434,0.2798041,0.29982617
0.5813749,0.27515286,0.39748588
1.0,0.23436812,0.4021724
0.89973676,0.1267786,0.5618233
0.7507775,0.05215213,0.5342608
0.6027563,0.02207524,0.5000449
0.4649755,0.033189274,0.46969774
0.66874266,0.018797113,0.12404339
0.34713075,0.0,0.10039675
0.15970622,0.010628691,0.13677903
0.028343266,0.026152212,0.14264001
0.6542719,0.08879856,0.055292733
0.30095276,0.05200502,0.0
0.1166824,0.060730346,0.10073945
0.0,0.07609066,0.1698466
0.6388765,0.17500292,0.036451794
0.3251592,0.16698237,0.12755857
0.36892393,0.18741001,0.33024463
0.451194,0.20260097,0.42909133
0.62696326,0.26389384,0.020602457
0.40765905,0.25081837,0.177062
0.46847397,0.2514793,0.33806175
0.5522696,0.2554257,0.41789395
1.0,0.24642442,0.5147101
0.86221975,0.15950894,0.7465989
0.680236,0.108464636,0.71960974
0.53018206,0.10017325,0.659228
0.40130445,0.11634237,0.6018036
0.63148624,0.043776292,0.3067038
0.333952,0.0,0.26304752
0.14663228,0.0035756317,0.28619054
0.013799402,0.015249058,0.3045973
0.6531355,0.09236858,0.16969047
0.2943049,0.042075563,0.082965836
0.109003745,0.055909857,0.15663001
0.0,0.07644577,0.21868062
0.66284525,0.16784212,0.07910358
0.31443843,0.18157053,0.13331504
0.38151634,0.22161283,0.3505525
0.47488144,0.23428938,0.4751371
0.65855294,0.25479445,0.0
0.39398018,0.28507447,0.12000501
0.45320016,0.3018121,0.28851712
0.5420931,0.30091885,0.39887977
1.0,0.13171753,0.5240021
0.8078624,0.0695261,0.7348822
0.6188236,0.0530958,0.6965038
0.48116577,0.06801947,0.63245773
0.35914683,0.09671697,0.5719974
0.54718107,0.0,0.30216974
0.27534863,0.0065768706,0.242827
0.11180955,0.041031715,0.26212534
0.0,0.07371551,0.28541687
0.60192776,0.051086213,0.17033783
0.26750046,0.05849703,0.073911324
0.10761933,0.10000535,0.13120565
0.013322243,0.13429797,0.18534636
0.6535724,0.12285004,0.08035099
0.34671643,0.17258926,0.12155495
0.42068535,0.19458337,0.33305368
0.51037866,0.19075178,0.4515463
0.692912,0.20382631,0.0
0.45825198,0.25592986,0.11233868
0.5164231,0.25784442,0.27758467
0.5967938,0.24247926,0.38585797
1.0,0.22684309,0.3193758
0.8855618,0.10609607,0.54403174
0.75935155,0.03312328,0.5458808
0.6260606,0.001825105,0.5326907
0.4929888,0.016183704,0.5262174
0.6218457,0.0152131235,0.13264179
0.3128712,0.0,0.13657017
0.13336466,0.017766891,0.17966466
0.009637378,0.04408964,0.19804677
0.61575615,0.08849233,0.05023077
0.2759889,0.060033962,0.02155091
0.10420593,0.080841795,0.13628957
0.0,0.10710296,0.21669692
0.6097323,0.176959,0.019573811
0.33075598,0.17886665,0.13175555
0.3715656,0.20198105,0.33594123
0.44362283,0.21539085,0.43245593
0.60940933,0.26761004,0.0
0.4222486,0.26868945,0.18487023
0.48370185,0.27145886,0.34452823
0.55742836,0.27228937,0.42311075
1.0,0.4108878,0.1787574
0.9966877,0.26741746,0.49029306
0.88295394,0.16067699,0.56195235
0.72357094,0.10607072,0.59627306
0.5750673,0.11496192,0.63781023
0.7104196,0.09824645,0.116252154
0.37415725,0.01483442,0.21669443
0.17699736,0.0,0.34128898
0.039589293,0.003591417,0.4034743
0.6278462,0.17121847,0.031681392
0.2667773,0.07562587,0.11761153
0.0862349,0.060130626,0.30899367
0.0,0.06779606,0.43700078
0.5537462,0.26872623,0.010530169
0.25760347,0.22348805,0.22578287
0.29945505,0.2606055,0.45575494
0.38938516,0.29030025,0.5578148
0.4971349,0.37076044,0.0
0.30779463,0.32979587,0.24512596
0.3621857,0.34831113,0.4113453
0.44125992,0.36874056,0.4891774
1.0,0.2887018,0.44644642
0.87123495,0.19837783,0.5626857
0.65707755,0.14832191,0.46478277
0.44362825,0.17195089,0.34588948
0.284647,0.21443057,0.228428
0.67807513,0.045208093,0.22905639
0.3614739,0.0037820227,0.15325043
0.17654037,0.0,0.1325137
0.045423817,0.0109705115,0.10504567
0.68527645,0.10460284,0.13236617
0.32039604,0.056319937,0.063978896
0.13005024,0.058285646,0.10814606
0.0,0.07195696,0.12435755
0.6771931,0.18621609,0.06792304
0.36786553,0.18898152,0.14111912
0.4514499,0.21368244,0.30636603
0.54607576,0.22079493,0.37677738
0.65969825,0.26925933,0.0
0.44432405,0.27584705,0.13081798
0.51515496,0.28354484,0.25587764
0.6015133,0.2799056,0.31324872
1.0,0.32971746,0.33560574
0.86939234,0.20335908,0.4539368
0.6620351,0.13948767,0.39967078
0.45597124,0.14513801,0.3320448
0.28647918,0.16900906,0.2625233
0.67259276,0.05752934,0.1468579
0.34883085,0.0143989,0.14404899
0.17551151,0.00407088,0.159978
0.04750882,0.0,0.15196794
0.64207876,0.13268831,0.07686827
0.28473538,0.08101512,0.10929427
0.1086959,0.07071502,0.18137476
0.0,0.0710031,0.20951277
0.6172911,0.22078432,0.041496772
0.36221787,0.20113479,0.21851248
0.46739903,0.21799818,0.35233438
0.5662648,0.22417106,0.37235495
0.59398943,0.30192024,0.0
0.45009828,0.27543205,0.17450847
0.5380571,0.2823405,0.2610231
0.6101982,0.28751364,0.26306617
1.0,0.2985227,0.44447502
0.8592127,0.19413343,0.5813822
0.66017467,0.13416825,0.4870835
0.46158013,0.14020307,0.37630975
0.31483188,0.17590709,0.265057
0.67732376,0.030626154,0.20926288
0.33967084,0.0,0.15698615
0.15890245,0.005347327,0.15684918
0.032946143,0.020738598,0.14871493
0.66889656,0.087770484,0.1187055
0.27864042,0.058530573,0.09253754
0.10355975,0.07317267,0.15967149
0.0,0.09432769,0.18697187
0.65322137,0.1707036,0.061018173
0.36992982,0.21211156,0.19805664
0.47782558,0.23614244,0.3737938
0.57264894,0.23155048,0.42714837
0.6319712,0.25287426,0.0
0.45107234,0.2939184,0.17117941
0.53968066,0.29998523,0.28105894
0.6121579,0.28704843,0.30738154
1.0,0.27223125,0.6314457
0.89458466,0.18132707,0.6884417
0.69370174,0.12451453,0.52986467
0.49408,0.13309193,0.3739681
0.34527627,0.15280728,0.21955328
0.7306191,0.01588449,0.21620342
0.39506337,0.0,0.0865564
0.19600117,0.014728869,0.048427265
0.064867035,0.03695563,0.016062949
0.74727327,0.08541508,0.12545247
0.34842426,0.06436987,0.0
0.1436581,0.082663655,0.023046091
0.0,0.09873412,0.007845507
0.74295443,0.17737283,0.07495339
0.41058975,0.18980953,0.122003965
0.5027981,0.21021846,0.3423569
0.5978522,0.20731747,0.44229376
0.7248139,0.26647437,0.013259308
0.4830786,0.28150055,0.14913857
0.55700666,0.28097114,0.31952506
0.6401933,0.26550436,0.40199876
1.0,0.2595653,0.503308
0.89457065,0.13190067,0.6238267
0.7178608,0.05691398,0.5393275
0.5287067,0.05183205,0.4559042
0.38203818,0.08040703,0.35811973
0.7034303,0.0227288,0.12075806
0.3789947,0.0,0.068988524
0.19333443,0.006279886,0.103135005
0.055809446,0.017302249,0.12785189
0.6891328,0.111282855,0.053992283
0.316912,0.08134551,0.0
0.13098237,0.079410516,0.11405541
0.0,0.082523815,0.18497446
0.6731441,0.20779563,0.034417804
0.3308278,0.1898896,0.14065517
0.41277203,0.20241615,0.38554358
0.5115792,0.21264663,0.5070846
0.6535246,0.3030851,0.008457966
0.39319575,0.27488267,0.14371584
0.45572427,0.2695958,0.30520844
0.53936225,0.2708046,0.38780856
1.0,0.20271622,0.36802003
0.92092615,0.087256305,0.4146857
0.72065043,0.03295824,0.3543013
0.51278424,0.048426703,0.3076825
0.36724153,0.0849276,0.25328425
0.6945588,0.022736367,0.016687127
0.36361754,0.001623084,0.0
0.18080643,0.0,0.02217078
0.05008276,0.011521578,0.038716454
0.6657452,0.11251064,0.015364636
0.31294122,0.08253025,0.025062893
0.12879778,0.06417427,0.10543001
0.0,0.05876839,0.13238092
0.6420777,0.1975033,0.054724995
0.33321273,0.1582203,0.20653743
0.40185145,0.14208621,0.41689783
0.49598512,0.14399698,0.49861836
0.61930794,0.26805767,0.08494262
0.39125744,0.20821993,0.22433625
0.43379787,0.18663667,0.35567975
0.5013346,0.19381693,0.4114714
1.0,0.37065855,0.44689283
0.92612606,0.22317466,0.5685174
0.7606235,0.12864988,0.49768355
0.56396174,0.11317547,0.42903948
0.40825444,0.13076322,0.35616475
0.746075,0.0887455,0.073988214
0.3983379,0.017796896,0.03962261
0.20479567,0.0024994835,0.0932893
0.05388427,0.0,0.12430453
0.6968871,0.1838301,0.020763448
0.3162233,0.09838185,0.007397467
0.1261124,0.07434618,0.13963808
0.0,0.06786818,0.21613039
0.647656,0.28319544,0.01266624
0.30531165,0.22067092,0.16399436
0.39173052,0.2370936,0.40887251
0.5057051,0.258737,0.5131832
0.59552914,0.37973186,0.0
0.33536386,0.30673006,0.14576626
0.40055487,0.3073963,0.28599313
0.48917502,0.32638744,0.3444849
1.0,0.18090926,0.46116248
0.8821588,0.07824064,0.5490798
0.68766934,0.032459218,0.47979355
0.5101907,0.054876883,0.41264248
0.39615095,0.09886505,0.33969483
0.6520502,0.006447736,0.10746245
0.36647794,0.0,0.044169877
0.19370909,0.013304298,0.03655135
0.061641812,0.03121292,0.016593166
0.6512941,0.08935747,0.06497782
0.32656267,0.08096666,0.0
0.13921504,0.08663694,0.035824645
0.0,0.09824811,0.040166777
0.661265,0.1747865,0.07054697
0.36511716,0.18477671,0.16539006
0.43432248,0.17913428,0.35378695
0.52539456,0.1772018,0.43313995
0.6726025,0.25391713,0.07156762
0.44834173,0.24574767,0.17946598
0.4980095,0.23179784,0.30809745
0.57113284,0.22852488,0.37257367
1.0,0.1272093,0.35230255
0.8938366,0.033566806,0.39183244
0.68530643,0.012671545,0.32971618
0.5099907,0.06410822,0.28041795
0.40536463,0.11891857,0.2367953
0.6306296,0.0,0.052662104
0.34281158,0.030551039,0.02333682
0.18447386,0.053932402,0.01432667
0.06300155,0.07701308,0.0
0.62886053,0.08199829,0.04387649
0.31205505,0.11218527,0.027694132
0.13600378,0.12950276,0.056761824
0.0,0.14856824,0.042660534
0.6459494,0.15905108,0.070581436
0.38633764,0.17690231,0.19010383
0.466365,0.1559298,0.33558303
0.55373335,0.14491574,0.37036976
0.6651541,0.22481471,0.08992638
0.47673824,0.2049356,0.20261672
0.5327494,0.18671146,0.29414043
0.602015,0.18605521,0.31350783
1.0,0.19082285,0.20019808
0.90994096,0.08634425,0.31536573
0.7327206,0.04920434,0.30881178
0.5695113,0.07198409,0.30007976
0.468299,0.1130757,0.29959357
0.6451729,0.047737215,0.02568735
0.36200073,0.018442325,0.038740296
0.20738965,0.0031571945,0.04098851
0.092188485,0.0,0.030444764
0.60924757,0.123694085,0.0
0.29910675,0.09173196,0.027555026
0.12509906,0.06807936,0.054844245
0.0,0.057661723,0.040769856
0.6027403,0.2004669,0.009791263
0.38191488,0.17517257,0.1644159
0.46645927,0.16693427,0.28774953
0.54851395,0.16909775,0.29871535
0.6076742,0.266016,0.022223279
0.45575476,0.21623728,0.15362653
0.52204806,0.2029423,0.23905139
0.59042114,0.21103197,0.25455943
1.0,0.2723565,0.34677482
0.8970608,0.18131095,0.5425515
0.7173401,0.1564362,0.5275347
0.5622177,0.19953594,0.48536414
0.46176293,0.25589904,0.4543635
0.6636719,0.10949158,0.18190433
0.38680786,0.0504089,0.14663908
0.22502306,0.018413384,0.1264027
0.110681035,0.0,0.09671689
0.6325935,0.17721814,0.094704956
0.32563502,0.10782967,0.03464123
0.1353771,0.06639653,0.03446851
0.0,0.043504383,0.0
0.62473106,0.25750473,0.062387794
0.3330035,0.2504553,0.14536092
0.33746746,0.26596674,0.2670499
0.3834715,0.27702805,0.3007809
0.6281573,0.3349854,0.040312123
0.4273376,0.309684,0.16674852
0.47197768,0.30819425,0.29506114
0.5529188,0.3171911,0.34515014
1.0,0.2500992,0.059689652
0.93196326,0.13198502,0.21583878
0.7717136,0.08372015,0.2664795
0.61666083,0.10101163,0.31447217
0.5209167,0.1357074,0.36867222
0.6507107,0.07114472,0.009349605
0.3667143,0.030537466,0.051124368
0.21220507,0.007869757,0.06438575
0.09877906,0.0,0.062117886
0.58912534,0.14198197,0.0
0.28911754,0.092372924,0.040385067
0.12079597,0.060421865,0.080715805
0.0,0.045407612,0.08694898
0.5653624,0.2157596,0.022630882
0.36615783,0.17576542,0.1932033
0.45129415,0.17118748,0.30927017
0.5373001,0.17590278,0.32530063
0.5555876,0.2837134,0.05435462
0.40847456,0.23385121,0.1989197
0.4634181,0.22352496,0.2727121
0.5290645,0.23337908,0.2922386
1.0,0.2984608,0.19644581
0.9875911,0.15592729,0.19365995
0.8608331,0.080618,0.21524864
0.7318533,0.071349375,0.29029173
0.6338442,0.09526697,0.38904116
0.63834006,0.09920842,0.022971561
0.353303,0.037432436,0.02982117
0.20383276,0.0073724454,0.017221335
0.08145597,0.0,0.0
0.5682043,0.17076012,0.11772377
0.2807178,0.11145976,0.180939
0.12021962,0.06898709,0.22722629
0.0,0.054056212,0.23765343
0.5558987,0.23657516,0.23007375
0.4161139,0.15777105,0.40648517
0.5183843,0.13482445,0.47261316
0.60228163,0.14315332,0.46823192
0.56624067,0.28777385,0.3398637
0.45700407,0.2102262,0.46106464
0.5247406,0.18745823,0.48796105
0.5979115,0.19538905,0.47761753
1.0,0.2776925,0.013662969
0.90378094,0.15659213,0.21895467
0.7464736,0.121947505,0.2847
0.58662456,0.15073638,0.32751027
0.47094232,0.19130674,0.36642438
0.6192962,0.060340796,0.0367937
0.34659785,0.023492914,0.10069757
0.18885471,0.0052826633,0.13069105
0.07699868,0.0,0.13781139
0.559359,0.13372812,0.0
0.26698878,0.0876462,0.067878544
0.1094858,0.061949354,0.12529127
0.0,0.048608653,0.15122798
0.5351997,0.21370262,0.0029358012
0.3362722,0.19438419,0.20375067
0.42814046,0.2019605,0.32644337
0.5183108,0.20772909,0.35511473
0.53075194,0.28999177,0.011578937
0.40923643,0.25133166,0.19475923
0.48215112,0.24907231,0.270018
0.5563889,0.2567579,0.28416428
1.0,0.25700673,0.12356999
0.89336604,0.15308592,0.36770973
0.739468,0.11831887,0.42612273
0.6005518,0.13095044,0.45348158
0.49591866,0.16316265,0.47584215
0.6224766,0.058958497,0.12332574
0.3588803,0.02440138,0.1777223
0.20275132,0.0076610837,0.20482199
0.08663262,0.0,0.20398591
0.5807804,0.121531904,0.047133148
0.28948134,0.07788531,0.08282401
0.12277904,0.05906498,0.13232864
0.0,0.04448068,0.15296054
0.5617237,0.1957791,0.018302675
0.3079133,0.1851614,0.18539776
0.38070068,0.20650928,0.33424598
0.47336018,0.21501777,0.39532998
0.5546262,0.27531737,0.0
0.35785714,0.25419262,0.16447271
0.41408837,0.25924316,0.27235386
0.49819225,0.2670751,0.3251701
1.0,0.18467966,0.19713822
0.88175684,0.088411145,0.3879986
0.6938675,0.052444268,0.40822127
0.5379484,0.07017854,0.40664122
0.43895903,0.10420525,0.40027323
0.5807677,0.0,0.14131379
0.3100032,0.03604013,0.22332057
0.16543642,0.059053164,0.3029469
0.05452669,0.07414026,0.33655602
0.5618999,0.07178916,0.06694627
0.25666746,0.09762791,0.13528505
0.10984234,0.123872615,0.2512604
0.0,0.14181536,0.3092556
0.56405777,0.14964269,0.032202553
0.30269742,0.1775885,0.18904652
0.37986127,0.18635197,0.35952798
0.47110578,0.18295848,0.43048343
0.57885116,0.22867738,0.0
0.36771518,0.23244956,0.14575097
0.42238343,0.22998647,0.2520335
0.5018761,0.22755209,0.2939176
1.0,0.17210688,0.26761186
0.86582255,0.08504609,0.41493767
0.67280746,0.068616405,0.39797792
0.51089525,0.10373206,0.3590387
0.4023777,0.14325157,0.32289666
0.599269,0.0,0.1518167
0.32907918,0.0014510674,0.16038142
0.17892215,0.0053087957,0.17712101
0.064499155,0.0098001575,0.1817224
0.58832234,0.064147376,0.07628916
0.28034475,0.05653499,0.06343642
0.12198921,0.0654157,0.09846404
0.0,0.0724342,0.10635351
0.5902816,0.13422506,0.037058808
0.32699758,0.15124404,0.15050502
0.40995622,0.15556753,0.29260868
0.5031939,0.14908767,0.34920222
0.5984526,0.20427722,0.0
0.39240253,0.20166591,0.11546848
0.44894043,0.19619301,0.20881389
0.5293926,0.19396558,0.24750553
1.0,0.22923608,0.102926366
0.90195537,0.11605559,0.26982632
0.737918,0.07087996,0.30209064
0.58375055,0.08616797,0.32291144
0.48502967,0.11922987,0.3465502
0.63496864,0.020014344,0.047099873
0.35802448,0.005834464,0.110136285
0.20752181,3.9447658E-4,0.15167996
0.0949204,0.0,0.16474023
0.57995826,0.09062118,0.004661346
0.277116,0.07157836,0.059533525
0.11836182,0.06393076,0.119352646
0.0,0.057933938,0.1336805
0.5557901,0.16416687,8.052399E-4
0.3407178,0.15691191,0.18191572
0.42356566,0.15932326,0.30902952
0.5100531,0.15839235,0.34046972
0.55128086,0.23418443,0.0
0.39627194,0.20974495,0.16194206
0.46151352,0.20881337,0.24127543
0.5336428,0.21409848,0.25438955
1.0,0.26728016,0.19703941
0.88485104,0.1385537,0.44710398
0.70814115,0.07999918,0.4926884
0.5403582,0.07783198,0.51166534
0.4035351,0.097388566,0.52018106
0.60589445,0.028878981,0.10047431
0.30835626,0.0,0.16529098
0.13892798,0.0026084976,0.261223
0.026685035,0.014688413,0.32040504
0.56321645,0.109930955,0.03311699
0.23541017,0.068072446,0.12049
0.08252501,0.068357415,0.2832011
0.0,0.07763702,0.39373955
0.53709453,0.19971737,0.011816675
0.26528248,0.18258254,0.23313226
0.35184622,0.20105062,0.46390066
0.455003,0.21045548,0.57055724
0.5254565,0.28802243,0.0
0.32970473,0.2580545,0.21321464
0.39919615,0.26166782,0.36323425
0.48703697,0.26830277,0.4325174
1.0,0.28538206,0.36097935
0.8772879,0.15325394,0.6208582
0.69710207,0.097240336,0.63901025
0.524609,0.09127548,0.62608767
0.367175,0.10023285,0.596452
0.6108987,0.035826776,0.1717269
0.29938048,0.0,0.1946823
0.11820361,0.004874865,0.29025102
0.0,0.016909089,0.3653233
0.58006793,0.12109649,0.07795214
0.24280071,0.06650364,0.11139506
0.08735451,0.07392384,0.28092593
0.011015117,0.08827764,0.41322607
0.5538452,0.2182577,0.03301431
0.2365582,0.19230348,0.1952926
0.29572514,0.222506,0.45492354
0.39291576,0.23869324,0.5952039
0.53691125,0.31644893,0.0
0.2880779,0.2865638,0.17799643
0.34184554,0.2950847,0.3591479
0.42953703,0.30314785,0.46888813
1.0,0.1971185,0.26852176
0.8814355,0.1061836,0.383815
0.70963913,0.071200095,0.35027215
0.553609,0.1006395,0.3060337
0.45745122,0.14097553,0.26313546
0.64181846,0.017122237,0.08840311
0.3512696,0.0064759697,0.06467575
0.1897827,0.0021139085,0.043495532
0.065865844,0.0,0.014847308
0.62057513,0.08282145,0.032672126
0.30138114,0.07315507,0.023834752
0.1259821,0.0664449,0.028740894
0.0,0.063553356,7.506663E-4
0.6278693,0.15575801,0.017495401
0.4445132,0.18371788,0.16173857
0.5381589,0.18326478,0.2677405
0.61440796,0.17337371,0.27747974
0.646885,0.22497804,0.0
0.54580086,0.24044995,0.14050673
0.63004273,0.23707327,0.21770896
0.69105387,0.23284829,0.23021725
1.0,0.2046399,0.11627551
0.9002486,0.101271205,0.24767733
0.72575355,0.04952625,0.2607444
0.58052635,0.061262365,0.26198813
0.47351244,0.09295721,0.26717782
0.623881,0.0,0.042150926
0.339434,0.0038239167,0.0812743
0.19014859,0.009183854,0.09548342
0.07132653,0.011667689,0.08337585
0.5818363,0.069019735,0.0074208053
0.2785198,0.068499856,0.077004015
0.11394915,0.07403153,0.119181365
0.0,0.07674328,0.120104335
0.57564664,0.14440563,0.00336556
0.43000036,0.15879051,0.19875008
0.5233899,0.1626534,0.27199003
0.6004494,0.15526856,0.252321
0.58166134,0.21516015,0.0
0.5164121,0.21363471,0.17188326
0.5947195,0.21755049,0.21643357
0.649273,0.21764486,0.18885708
1.0,0.31280386,0.10522039
0.9168032,0.18538453,0.32274625
0.7566298,0.11950557,0.37420663
0.6077089,0.116602056,0.39924192
0.5000672,0.13586691,0.4111454
0.6447353,0.05291058,0.110547125
0.3613592,0.01872135,0.18420269
0.2079963,0.007244107,0.22491366
0.09455588,0.0,0.23121105
0.56992847,0.123245485,0.045954652
0.2676557,0.08677121,0.16509275
0.10426517,0.069925435,0.2397766
0.0,0.05760724,0.25872785
0.53716207,0.20836805,0.020046102
0.41025737,0.21184589,0.2736163
0.5121511,0.23177616,0.36909682
0.5943087,0.23644157,0.3493391
0.5240058,0.29225934,0.0
0.49029776,0.2919036,0.21258341
0.5845546,0.3073619,0.2666064
0.6441904,0.31536755,0.23978129
1.0,0.32850572,0.5851718
0.84769285,0.2597381,0.7070108
0.67910534,0.22234994,0.5636571
0.5334232,0.23909862,0.37976274
0.43420118,0.2713767,0.20299354
0.6833876,0.07427044,0.38563192
0.39944643,0.050777085,0.29846677
0.23586644,0.02692766,0.24223323
0.10580549,0.0,0.19004272
0.6966192,0.12061962,0.2612036
0.36417505,0.113508046,0.13396926
0.16775173,0.106115855,0.070476435
0.0,0.09543144,0.0
0.7025737,0.19017363,0.1767103
0.47654763,0.2707358,0.19112384
0.5819576,0.30044135,0.33670023
0.6585063,0.28601405,0.39426288
0.70484734,0.2653568,0.088806786
0.52480245,0.338374,0.1952398
0.6092576,0.35136414,0.30522794
0.68724406,0.33075783,0.35143906
1.0,0.32359025,0.45295623
0.8855865,0.21032014,0.6018717
0.70740753,0.12267515,0.5269069
0.54855007,0.086095035,0.4296776
0.3964995,0.080313526,0.33871192
0.70736915,0.0,0.26895684
0.40356818,0.010722947,0.23648754
0.22746317,0.0064630704,0.23605524
0.09372207,0.0037247126,0.2143213
0.71257603,0.0574563,0.15944229
0.33925936,0.06552553,0.15356623
0.15556704,0.07566066,0.1838302
0.0,0.07509551,0.18010579
0.70383114,0.1408252,0.08113893
0.39647797,0.18355304,0.1942758
0.49252698,0.22351854,0.31961107
0.57919806,0.21582806,0.35463867
0.6911181,0.22547191,0.0
0.44986188,0.263515,0.15522909
0.5321771,0.28883123,0.26415986
0.61695224,0.27550268,0.29775882
1.0,0.27968305,0.5931849
0.90784407,0.171607,0.6390298
0.69268763,0.103692695,0.5050921
0.495472,0.09518722,0.37086642
0.33577123,0.09961766,0.24287619
0.73194253,0.0,0.22535396
0.41958675,0.013060756,0.13459939
0.23681715,0.021034246,0.09874755
0.09678353,0.031150017,0.058828197
0.74964434,0.07469502,0.14778595
0.3663056,0.08051851,0.068439126
0.17160197,0.09459515,0.05606015
0.0,0.10326247,0.0
0.7530441,0.16514803,0.11029322
0.4176497,0.1729544,0.18120095
0.5277968,0.18591939,0.38124686
0.62539285,0.17960103,0.4668773
0.7413686,0.25337562,0.05524926
0.4758917,0.25004604,0.1729817
0.56133646,0.25022936,0.32459238
0.6526501,0.23678595,0.39621583
1.0,0.34759116,0.54546833
0.88964826,0.24492174,0.67478997
0.7022712,0.15724495,0.57574654
0.52858543,0.122969724,0.45371923
0.3748261,0.10685361,0.3427654
0.737124,0.03255466,0.3009886
0.41994894,0.02741228,0.23537762
0.2398594,0.013570932,0.20659797
0.10730105,0.0,0.17366679
0.7494755,0.093297996,0.1780555
0.36424893,0.07534793,0.10620958
0.16412805,0.06999975,0.106867164
0.0,0.057636358,0.079058565
0.73784673,0.17986096,0.09309768
0.4048023,0.20776576,0.17221524
0.49988222,0.24704947,0.35256037
0.58823854,0.23960169,0.4247901
0.7167558,0.26798716,0.0
0.46023384,0.2959912,0.15754163
0.5382628,0.31660146,0.30632526
0.62101245,0.3013005,0.36835712
1.0,0.28032693,0.34318748
0.90148443,0.18088248,0.48267287
0.7130058,0.11575594,0.4284644
0.5425337,0.111943945,0.35326445
0.3983743,0.1290476,0.27936092
0.6851946,0.0,0.22955084
0.39161497,0.0068976423,0.22584935
0.21849483,0.005488012,0.2258088
0.09379429,0.003027354,0.20041372
0.66873616,0.058204733,0.13310687
0.32586318,0.061078023,0.13898076
0.14414486,0.06602442,0.15481834
0.0,0.067279994,0.13765056
0.6554513,0.13671596,0.06862462
0.405835,0.17687134,0.19071354
0.51024884,0.20348278,0.3013111
0.59454197,0.19735323,0.31603968
0.64475894,0.21299078,0.0
0.47432315,0.2463721,0.14693138
0.5610423,0.26319963,0.23199946
0.63314664,0.2529525,0.24576227
1.0,0.2724682,0.44616538
0.9060796,0.17576692,0.53942895
0.7189175,0.10508139,0.44772545
0.5494827,0.09160215,0.35301042
0.40027606,0.09994751,0.2655906
0.7102108,0.004255046,0.1826536
0.41118664,0.002903053,0.14742026
0.22710724,0.0016303934,0.14614126
0.09360881,0.0,0.12130948
0.707801,0.06832607,0.10081545
0.34708944,0.06263197,0.062333714
0.15247172,0.065352984,0.09102239
0.0,0.06588777,0.08319914
0.7005387,0.15151478,0.055116042
0.40867978,0.17819583,0.16669667
0.5083063,0.20284747,0.34350005
0.60249984,0.19974506,0.40466908
0.6871603,0.23452085,0.0
0.46819568,0.25314942,0.14304438
0.54911363,0.26547348,0.27544445
0.63249815,0.25698668,0.33036816
1.0,0.34995592,0.61410505
0.88611746,0.23052976,0.7675652
0.69296086,0.1373373,0.658625
0.51321715,0.10001354,0.5285956
0.36249024,0.08028772,0.41043776
0.73600775,0.017158106,0.329064
0.41708452,0.011416939,0.25761506
0.22918426,0.0030840554,0.24193285
0.0905708,0.0,0.22116062
0.7605276,0.08328469,0.1936528
0.35907888,0.06762705,0.1200528
0.15989347,0.07353017,0.15520059
0.0,0.070802376,0.14935188
0.75601894,0.17657349,0.09754276
0.38640943,0.1925483,0.1709213
0.47462466,0.23551393,0.37712792
0.5662123,0.23334673,0.4724224
0.7365133,0.27109027,0.0
0.4356145,0.28875327,0.15181787
0.50827825,0.31087297,0.3273061
0.6000811,0.30116248,0.41159996
1.0,0.41743788,0.7108242
0.830374,0.28880385,0.8628972
0.6510328,0.1782765,0.7171291
0.49099112,0.11792384,0.5328225
0.34618676,0.07786434,0.37538153
0.7577368,0.027243907,0.44239202
0.43299767,0.017025296,0.3225307
0.2461192,0.0062884735,0.2715018
0.10320176,0.0,0.22220246
0.8096439,0.08776905,0.2759132
0.40415734,0.07487794,0.17335944
0.18127918,0.07695911,0.16847363
0.0,0.063740715,0.118658416
0.81860113,0.17855252,0.14160752
0.44088396,0.2157755,0.18414676
0.52860236,0.2796536,0.39425674
0.627516,0.27170038,0.48632494
0.8097532,0.27654257,0.0
0.47792614,0.30929992,0.15528288
0.5510584,0.35218027,0.340305
0.659113,0.34038216,0.41974816
1.0,0.3093685,0.5198638
0.8910023,0.19980203,0.61626375
0.69009984,0.121672995,0.51480883
0.5009012,0.10219779,0.39860442
0.33921278,0.100594744,0.2950936
0.7220344,0.01320626,0.23993352
0.4125961,0.0075509516,0.17610082
0.23437934,0.0015318774,0.1485997
0.10189265,0.0,0.11285149
0.73613966,0.080820784,0.1395333
0.35674387,0.06757339,0.08299867
0.1627346,0.0672576,0.08145723
0.0,0.06297597,0.040665474
0.73183006,0.1671484,0.07575771
0.40052083,0.17964844,0.16796526
0.49699032,0.20734604,0.34755993
0.58925265,0.20332628,0.41524303
0.71709687,0.25376168,0.0
0.45025957,0.26093578,0.13360241
0.5242402,0.27396125,0.27491385
0.61157894,0.2661854,0.33654797
1.0,0.37085688,0.55590856
0.90146273,0.23514499,0.7122294
0.70701915,0.13825294,0.62024075
0.50611883,0.10425128,0.5035752
0.33598316,0.08811404,0.3998058
0.7391241,0.0273894,0.32350573
0.40753317,0.005885378,0.25666887
0.22271334,0.0,0.24053226
0.079035275,9.039128E-4,0.21749525
0.7468045,0.09653532,0.1943981
0.3447677,0.07069568,0.15073548
0.15536584,0.07618031,0.18992518
0.0,0.07499459,0.18236667
0.72759324,0.18873453,0.09946178
0.3786688,0.19225489,0.1983653
0.47335258,0.23367092,0.3888401
0.56250334,0.23628955,0.46933347
0.6963156,0.28091544,0.0
0.402988,0.27944452,0.15300979
0.476743,0.30184385,0.29665136
0.56605554,0.29906908,0.35725158
1.0,0.34612215,0.6841274
0.88295335,0.20416765,0.7860321
0.6826875,0.111933626,0.62950677
0.492443,0.08033523,0.45741588
0.3296078,0.07047125,0.28214043
0.7577502,0.0031681731,0.3042355
0.4018798,0.0,0.18338148
0.20468459,0.012231327,0.16093312
0.05340869,0.032396242,0.14044769
0.7946936,0.082683876,0.18490174
0.359551,0.08388373,0.092866115
0.15329874,0.11045436,0.14325604
0.0,0.12424408,0.14918196
0.7925632,0.18118046,0.0951904
0.40168926,0.17968424,0.14461215
0.4672612,0.21891727,0.34579992
0.55385387,0.22443028,0.43971398
0.76230454,0.2791771,0.0
0.4263182,0.2649226,0.115541
0.49131826,0.2843702,0.26879713
0.5878326,0.2799872,0.34596637
1.0,0.39033172,0.64550227
0.90512365,0.25889403,0.7346233
0.7091049,0.14929555,0.5753316
0.50005865,0.10704791,0.3952998
0.3278906,0.08501055,0.22266108
0.81950366,0.014298942,0.3237
0.46324423,0.0,0.19239585
0.2593205,0.00593706,0.1475632
0.10465847,0.02183179,0.1048408
0.8403661,0.0866669,0.2008145
0.40685728,0.071005486,0.10871813
0.18300597,0.08777325,0.10724664
0.0,0.09488647,0.06652136
0.81575155,0.18065527,0.105170876
0.4220769,0.18593584,0.14496993
0.49508232,0.23434612,0.3162063
0.57947487,0.23712377,0.3818435
0.76615465,0.27545944,0.0
0.43560037,0.269932,0.11755036
0.50275266,0.3020957,0.25937235
0.5950751,0.3027977,0.32701662
1.0,0.3358442,0.40110227
0.9716049,0.20798351,0.49350068
0.79305243,0.11275897,0.42769846
0.5780443,0.08995723,0.35445175
0.39511985,0.08955608,0.27559114
0.7905782,0.041291364,0.12541127
0.44087768,0.007501162,0.10193399
0.2354715,7.43928E-4,0.12541014
0.08676442,0.0,0.122304074
0.7390157,0.11341829,0.06359667
0.3458093,0.06910524,0.06927704
0.14256935,0.0636279,0.13829888
0.0,0.062090352,0.15803176
0.6849449,0.19741975,0.0343919
0.37754822,0.17829727,0.167077
0.46084574,0.21198395,0.31825903
0.55857396,0.22926538,0.35315984
0.62877893,0.27717844,0.0
0.41332784,0.25310102,0.14767604
0.4802951,0.2748014,0.2500423
0.5567061,0.28889334,0.2726752
1.0,0.34047085,0.4435723
0.9736119,0.20835914,0.5229752
0.7984724,0.109130286,0.44069004
0.5907382,0.080495924,0.35813847
0.410769,0.07770171,0.2701433
0.798603,0.040139243,0.11485299
0.448314,0.008054505,0.071579315
0.24181077,3.2322138E-4,0.08976102
0.09104745,0.0,0.08364955
0.7507353,0.11639001,0.0577413
0.3496798,0.074507646,0.04864782
0.14605461,0.06811775,0.12718764
0.0,0.06687954,0.15126944
0.7015015,0.20332715,0.032177698
0.3897704,0.17972332,0.15825316
0.47728822,0.21031635,0.33314273
0.57533896,0.22726957,0.38389462
0.6473592,0.28531072,0.0
0.42240185,0.2539388,0.14525118
0.4928809,0.27127463,0.25654063
0.5718053,0.28490052,0.28633365
1.0,0.31600052,0.54723
0.9118316,0.1992313,0.6564814
0.72219443,0.1089062,0.5540924
0.5300568,0.07935486,0.43570465
0.35975176,0.07014736,0.32783237
0.7675269,8.843322E-4,0.25404382
0.43471426,0.0,0.17762676
0.23896305,0.0075654187,0.16259226
0.09020762,0.018218063,0.13389058
0.7801539,0.07377901,0.1482627
0.3781171,0.060471836,0.08759584
0.17149971,0.0748991,0.10088157
0.0,0.0838181,0.06975845
0.7629832,0.1626313,0.07700962
0.40177113,0.1611581,0.14985283
0.48332027,0.19882031,0.34123895
0.5747897,0.20504597,0.42382726
0.7238816,0.25134656,0.0
0.4228721,0.2400348,0.112232976
0.4833092,0.26014638,0.26307884
0.5704868,0.26183608,0.33795592
1.0,0.3723284,0.6935198
0.8311543,0.24511659,0.8375403
0.62778807,0.15687169,0.6714782
0.4540336,0.1178313,0.45402488
0.31091118,0.10591653,0.2500471
0.719003,0.003961466,0.43001527
0.37104216,0.0,0.28325596
0.186223,0.012814463,0.23883297
0.055077408,0.040831916,0.20431776
0.7894752,0.061436336,0.26801422
0.37327614,0.07062339,0.109056905
0.15770753,0.09915799,0.10988556
0.0,0.12007473,0.10555066
0.811887,0.15753369,0.13278002
0.40286562,0.22244708,0.120989665
0.48211628,0.27993944,0.2935366
0.57179815,0.27442703,0.39013985
0.8031597,0.2630699,0.0
0.44016784,0.30749226,0.11536041
0.51377475,0.33809057,0.26412833
0.61857814,0.323896,0.3420717
1.0,0.38003287,0.7296849
0.8314434,0.25525704,0.8325048
0.6187241,0.1514919,0.64812213
0.43040505,0.10897922,0.42297903
0.27566275,0.085180745,0.20212696
0.74981856,0.0,0.40727866
0.42098004,0.0023040697,0.23811361
0.2290639,0.010311779,0.18392445
0.08601994,0.031757105,0.14136463
0.8221424,0.06589706,0.25688714
0.40724048,0.077048615,0.09015338
0.17947444,0.10568355,0.08449699
0.0,0.11934994,0.06299994
0.8411305,0.1645902,0.12970932
0.44049367,0.20619498,0.10357735
0.52116215,0.25959247,0.29378954
0.61339146,0.2525797,0.3987221
0.8270922,0.27054873,0.0
0.46407482,0.2998505,0.10623376
0.5395261,0.33040866,0.2773589
0.6508117,0.31582624,0.37044612
1.0,0.41676995,0.7227226
0.8751726,0.26259193,0.8285596
0.68062574,0.14856428,0.6525574
0.4888895,0.1027529,0.44240054
0.33682227,0.086412005,0.23776264
0.7969912,0.0020861558,0.40185657
0.45250136,0.0,0.24389187
0.25214437,0.011935775,0.17738016
0.09465423,0.029134639,0.12566647
0.83835024,0.08025171,0.25703633
0.39779845,0.08024974,0.14505857
0.18090045,0.10198316,0.14266163
0.0,0.10590506,0.1090182
0.8307779,0.18104662,0.1310683
0.4277584,0.18567413,0.16153775
0.50812113,0.2338465,0.3364284
0.6003569,0.23202835,0.40471545
0.7994225,0.28372994,0.0
0.4591561,0.27342847,0.12252705
0.5309072,0.30429512,0.28219035
0.6320153,0.30141318,0.3505893
1.0,0.35695323,0.63532823
0.88099325,0.22282338,0.76351655
0.6789889,0.1299436,0.63315994
0.4825262,0.09724433,0.47527212
0.31215253,0.082847945,0.31505337
0.7454113,0.0,0.34992918
0.4070507,0.004525652,0.25115892
0.22052269,0.015956296,0.22180761
0.07715311,0.03170229,0.19034712
0.7751773,0.07192582,0.21852799
0.35287464,0.079498835,0.16429602
0.15465511,0.10402715,0.19315645
0.0,0.11398143,0.17666976
0.76854664,0.16335838,0.11043243
0.40549442,0.17347611,0.17794143
0.49409598,0.21631317,0.34657362
0.5870065,0.21427964,0.40927786
0.74150443,0.25599203,0.0
0.43825984,0.25036183,0.12185475
0.51259905,0.2776041,0.26075947
0.6076149,0.27404726,0.31691018
1.0,0.3360611,0.6506633
0.9072894,0.20683339,0.79171926
0.7376009,0.103330545,0.69102854
0.5975127,0.04754631,0.56852907
0.4753749,0.023827773,0.4644956
0.74715364,0.0041554305,0.30364168
0.41980714,0.0,0.2044631
0.22949855,0.005931173,0.19949098
0.08673165,0.016043786,0.18717198
0.7705176,0.07621276,0.1789719
0.36648232,0.06611288,0.09735463
0.16264647,0.074956775,0.13780501
0.0,0.0763755,0.13289861
0.76557803,0.16988091,0.09005106
0.40833014,0.18055692,0.16610894
0.50224197,0.21934947,0.38381422
0.592649,0.21649747,0.48791844
0.7446445,0.26596317,0.0
0.4367814,0.2645059,0.14277549
0.51224935,0.28439948,0.31097123
0.6045873,0.2750525,0.38597855
1.0,0.3837608,0.7174054
0.8763613,0.23665841,0.8446214
0.6806956,0.12649792,0.70336354
0.505624,0.08032362,0.5242117
0.34141317,0.062237393,0.35592705
0.75217825,0.0029644207,0.38489705
0.42168367,0.0,0.22599009
0.22420938,0.0058106193,0.16990697
0.071015425,0.019674158,0.1258469
0.8009289,0.080320165,0.23804896
0.38807085,0.07356365,0.08134775
0.17401893,0.08955438,0.0769305
0.0,0.09407297,0.059922732
0.8056908,0.18257521,0.1187594
0.42829096,0.18862689,0.1055303
0.5106208,0.2351032,0.31891176
0.6001232,0.2335647,0.4473664
0.78371215,0.28721616,0.0
0.45433897,0.28487787,0.0836862
0.52720356,0.30931222,0.24571973
0.6269581,0.29980126,0.34380168
1.0,0.3172096,0.534328
0.9260209,0.202776,0.6514707
0.7526267,0.11337063,0.5672185
0.5872963,0.08104313,0.47163206
0.43903407,0.07559102,0.38387352
0.7635527,0.029166903,0.23440929
0.4412739,0.011997009,0.14795779
0.24952674,0.0048075034,0.12448403
0.10603772,0.0,0.09965927
0.75419134,0.09831457,0.1324646
0.36508572,0.071736425,0.058504652
0.15856546,0.06615002,0.08416138
0.0,0.05943765,0.07494383
0.73484683,0.18951558,0.069951475
0.4162404,0.20474616,0.16007234
0.5117455,0.23027165,0.36892378
0.6028826,0.22953656,0.45357066
0.70959246,0.2783902,0.0
0.47023615,0.29317704,0.15618046
0.5506962,0.3027814,0.31300437
0.63190573,0.29112396,0.38389248
1.0,0.46709242,0.76246566
0.8813643,0.30262527,0.908864
0.6868355,0.1690081,0.7378211
0.50149715,0.11093027,0.5179346
0.3363577,0.08491489,0.298503
0.8201231,0.02900491,0.4523969
0.46982315,0.002010596,0.27441317
0.2595374,0.0,0.19917645
0.09358195,0.012994372,0.14227475
0.85880494,0.109744065,0.28394178
0.4230359,0.081856,0.097942054
0.18640266,0.09629065,0.08917615
0.0,0.095014654,0.071677275
0.8376901,0.21809693,0.14251043
0.4262151,0.21886764,0.12617646
0.4953572,0.28378364,0.34238422
0.5863797,0.28689,0.45956013
0.7949169,0.32941458,0.0
0.4373014,0.33031508,0.12299946
0.5050247,0.36805278,0.29724985
0.6109993,0.36089697,0.39208034
1.0,0.3406836,0.59206074
0.89966106,0.19914494,0.7243359
0.7196965,0.10284497,0.61408013
0.54550356,0.066529475,0.4939403
0.40546072,0.053145878,0.3706404
0.77415854,0.01788152,0.23918459
0.4426429,9.211114E-4,0.16527025
0.24640125,0.0,0.18140158
0.113386944,0.0041877376,0.19067606
0.77337015,0.10091848,0.1318219
0.37742788,0.060339436,0.05699973
0.1668435,0.061073143,0.12668924
0.0,0.058455408,0.15069531
0.7465243,0.19447453,0.06470519
0.37619156,0.1430131,0.12785585
0.42897052,0.17374454,0.3664549
0.51269084,0.19034989,0.49436384
0.69620043,0.2837519,0.0
0.39613074,0.22377191,0.11232879
0.44580945,0.23364422,0.28939942
0.53572685,0.24204679,0.37945575
1.0,0.36473766,0.7858759
0.8872927,0.23023836,0.8576512
0.70373416,0.12270819,0.69139725
0.5401558,0.074366726,0.502068
0.40945303,0.059425186,0.2944999
0.79021305,0.017053703,0.34668484
0.45623004,0.0,0.17811346
0.25595447,0.0020350968,0.12726198
0.10686583,0.0071490863,0.090328574
0.82594734,0.098759845,0.22357593
0.4261172,0.060124766,0.031611357
0.19007595,0.06461421,0.019216804
0.0,0.06642769,0.0
0.8204655,0.20150036,0.1384163
0.4477893,0.15124616,0.07185719
0.42561898,0.17841986,0.25098166
0.44946772,0.1933173,0.3741556
0.7867799,0.30402717,0.051319376
0.49595925,0.2447476,0.040803272
0.47894126,0.24403758,0.1524813
0.5117301,0.24218515,0.23129684
1.0,0.3731493,0.7442518
0.9114167,0.23422736,0.8049805
0.7250557,0.13056846,0.6382351
0.54906476,0.08917997,0.4576201
0.40827075,0.07943766,0.2558893
0.80266005,0.030390754,0.2882079
0.45984834,0.0046540955,0.12100475
0.25670454,0.0,0.07782037
0.10337102,7.274338E-4,0.04511517
0.82332903,0.11093789,0.17974614
0.41434914,0.05846425,0.0
0.1830882,0.056757513,0.009242387
0.0,0.056452375,0.0029668217
0.8062391,0.21298511,0.1059949
0.42755547,0.14994094,0.050964434
0.4063629,0.17377129,0.2215906
0.43284014,0.19211741,0.33533013
0.76389045,0.31511784,0.031240301
0.4864843,0.24635428,0.0023988236
0.4674683,0.2372048,0.086269334
0.49824995,0.23427752,0.14053643
1.0,0.37191832,0.5349018
0.93470037,0.22119947,0.66282624
0.75749016,0.11530648,0.5679429
0.5737976,0.07514156,0.47308144
0.41220924,0.061727304,0.3702422
0.7802858,0.037194636,0.16687886
0.4367134,0.005925965,0.13913333
0.23367101,0.0,0.20225428
0.090625875,0.0014829468,0.24385412
0.74462473,0.12623455,0.08078567
0.34864607,0.0681338,0.050960284
0.14786603,0.063221306,0.1762663
0.0,0.054744978,0.24400544
0.6902423,0.2213209,0.039303556
0.33415267,0.15498042,0.131074
0.38996813,0.17666698,0.37320954
0.48478347,0.1945183,0.50224817
0.6209785,0.30924124,0.0
0.34126627,0.23445128,0.11600928
0.39614874,0.23966987,0.28356773
0.4905294,0.25371212,0.36470115
1.0,0.33724862,0.49626565
0.97101504,0.1999721,0.60484487
0.8111813,0.0903202,0.50874454
0.62830925,0.04287142,0.41719064
0.49111086,0.03301983,0.31288275
0.79994607,0.030906897,0.14416903
0.45134848,0.011144627,0.11088439
0.2544407,0.0061047664,0.15046363
0.10685145,0.0,0.16256036
0.75346017,0.11656406,0.0677949
0.35518518,0.06471032,0.036782898
0.15318641,0.051345922,0.15039471
0.0,0.036388446,0.20470583
0.7004117,0.21212739,0.033702333
0.329393,0.15845428,0.13359214
0.39528322,0.1843019,0.37844506
0.49117446,0.20361994,0.4953699
0.63499767,0.30380133,0.0
0.3322219,0.24023825,0.13026519
0.37949046,0.24456413,0.30305383
0.4627129,0.25455818,0.38332546
1.0,0.3478938,0.48035684
0.9141949,0.21144243,0.6328705
0.74311996,0.1154133,0.55738574
0.58638155,0.07555259,0.4687046
0.4460765,0.061665177,0.3838808
0.7570797,0.0314425,0.2175646
0.43474963,0.008840451,0.18454814
0.23961346,0.0023295386,0.20268215
0.09905435,0.0,0.19567008
0.736196,0.11126194,0.11720507
0.36447817,0.06293518,0.08008834
0.1610207,0.057708,0.1556192
0.0,0.051037263,0.18988173
0.70187515,0.20137581,0.057399113
0.36430934,0.15371028,0.15609199
0.4460023,0.18506894,0.37377676
0.5482362,0.20287213,0.4786381
0.65531,0.28707626,0.0
0.37974477,0.22919872,0.119380355
0.44582185,0.24211854,0.2686061
0.5420761,0.25411272,0.33630243
