0.6282548,1.0,0.3770846
0.34388277,0.8051748,0.22637984
0.21139175,0.58482575,0.20872696
0.24331422,0.39650625,0.17151244
0.23320249,0.25024644,0.15494749
0.16152321,0.4814944,0.45826623
0.055811882,0.26246253,0.34767944
0.017930802,0.12944162,0.29108098
0.0,0.0,0.26703066
0.37985966,0.49640703,0.46633127
0.4190707,0.27779606,0.27427945
0.49764588,0.13380735,0.08296229
0.57013386,0.0011790721,0.0
0.57379866,0.55030334,0.43856555
0.65845495,0.42033902,0.21800165
0.5980111,0.5792528,0.22582106
0.5413782,0.68967336,0.3277363
0.7653508,0.6180583,0.39464214
0.823414,0.52628493,0.16706188
0.75018,0.6448068,0.12243098
0.6805264,0.73229444,0.17408396
0.63543874,1.0,0.5577799
0.3462379,0.8241861,0.45890626
0.22016822,0.60255265,0.4510032
0.26726496,0.41650575,0.4071554
0.24444272,0.27422115,0.38818213
0.20983018,0.49483255,0.6811169
0.08723921,0.28061715,0.54049516
0.030701937,0.14893796,0.45011324
0.0,0.016997976,0.39978212
0.4295313,0.505019,0.63691515
0.45897093,0.2862634,0.40435234
0.5145696,0.13834992,0.1467711
0.5763053,0.0,0.0
0.62464494,0.5563872,0.5570707
0.6595623,0.44191614,0.2925476
0.56732965,0.6068943,0.28210616
0.5072522,0.7224452,0.37746558
0.82244015,0.6238757,0.47214946
0.83079135,0.52998996,0.22383437
0.7386071,0.6555701,0.18973607
0.6692625,0.74866235,0.25264522
0.6530376,1.0,0.6911789
0.35118487,0.8190342,0.5285081
0.22200394,0.59497106,0.50703615
0.26599163,0.40572897,0.46541426
0.25723016,0.257127,0.44216412
0.18744901,0.48054275,0.7572321
0.06463468,0.26836422,0.58177197
0.017679375,0.13647151,0.45936495
0.0,0.0,0.3817935
0.4180625,0.49648413,0.73133284
0.46188456,0.2876381,0.45031136
0.53938365,0.14889297,0.15509374
0.6154217,0.01634467,0.0
0.62259877,0.55464464,0.67175347
0.70148134,0.4518613,0.35887027
0.61240846,0.6219386,0.33473253
0.5373756,0.7418279,0.4437656
0.82121146,0.6320762,0.5965979
0.87445503,0.5528182,0.3132529
0.7855203,0.6810978,0.2788798
0.7059193,0.77167314,0.36859876
0.6048676,1.0,0.19961783
0.29830107,0.8082838,0.026672453
0.15273643,0.58504546,0.022347722
0.20989081,0.39287657,0.0
0.26232865,0.24952768,0.0017626024
0.09142893,0.49112034,0.33099464
0.028819,0.26183063,0.27463943
0.01213953,0.12550932,0.24898231
0.0,1.0846703E-4,0.24052306
0.32049605,0.50507516,0.36847353
0.39800754,0.27696085,0.24858609
0.4849212,0.12980725,0.09146611
0.5591235,0.0,0.026321163
0.5259696,0.55350745,0.36375308
0.6411739,0.417675,0.18208404
0.5777063,0.5720687,0.15997419
0.5152,0.6787386,0.23828849
0.7185377,0.6130394,0.34542
0.7993573,0.5177863,0.14206277
0.7292412,0.6321971,0.07531468
0.66038305,0.71894395,0.10231805
0.8207007,1.0,0.17089611
0.45811707,0.8093419,0.081729755
0.28328136,0.59973025,0.10370529
0.2971025,0.411286,0.09528404
0.29572648,0.2704198,0.102417335
0.22202586,0.49708062,0.419195
0.085704625,0.28347123,0.35440394
0.033039957,0.15425096,0.33151042
0.0,0.030714415,0.32668677
0.45320266,0.49846825,0.40511492
0.46663788,0.27549613,0.25369507
0.52082783,0.13072623,0.07759357
0.5635151,0.0,0.0040040985
0.66530156,0.54542476,0.34627527
0.7031496,0.40155214,0.12771705
0.66145223,0.5623616,0.09120996
0.6259156,0.68013585,0.17048514
0.87845117,0.6069279,0.282276
0.896609,0.5018786,0.073377766
0.8452003,0.6192044,0.0
0.7997006,0.7157301,0.02440103
0.7504391,1.0,0.32135317
0.36053383,0.8396214,0.24947733
0.21434318,0.6160647,0.28054583
0.29261303,0.42669114,0.26535487
0.32677317,0.28843203,0.28858763
0.27476376,0.5136136,0.63446397
0.11743255,0.30655497,0.5472458
0.03887861,0.1739409,0.4834522
0.0,0.047642104,0.4463016
0.5032336,0.5053953,0.5727359
0.4893267,0.28344846,0.36796653
0.49260682,0.13820887,0.12524381
0.5207419,0.0,0.0
0.70821804,0.5450033,0.4654136
0.66129225,0.41631976,0.14624214
0.5611631,0.596181,0.07884362
0.53703,0.7160545,0.16752516
0.91674745,0.60619646,0.35943046
0.83764297,0.507864,0.07540637
0.74114496,0.64511055,0.015749015
0.6989758,0.74373925,0.07446478
0.61451083,1.0,0.5652765
0.2806525,0.8474071,0.46025902
0.16306192,0.61546177,0.46786454
0.26987818,0.434047,0.4244331
0.33693457,0.29257604,0.40279824
0.23249218,0.49254587,0.75797665
0.103548795,0.279638,0.6211941
0.036488995,0.14596485,0.5180992
0.0,0.017480904,0.44465205
0.46109286,0.48850432,0.6816799
0.4686425,0.28132206,0.43841797
0.46479267,0.13440134,0.16480888
0.48036617,0.0,0.0
0.67095864,0.53430694,0.5616483
0.595477,0.45293033,0.212619
0.46263096,0.62404025,0.16104393
0.4231511,0.7388444,0.25529137
0.86522675,0.6027152,0.43873653
0.7535965,0.55674595,0.1285903
0.6281626,0.6876183,0.0836075
0.57968926,0.77791446,0.16105483
0.6819995,1.0,0.6163718
0.3518245,0.847792,0.48934004
0.21255985,0.62982273,0.46318716
0.2810481,0.4448086,0.40364748
0.31855312,0.2974995,0.36411774
0.26037857,0.4960094,0.71460855
0.12467492,0.2818976,0.56832314
0.04611584,0.14966708,0.45350522
0.0,0.018813,0.37277696
0.49351785,0.49117246,0.65543437
0.49176136,0.28090078,0.40724793
0.49559557,0.13692151,0.15311447
0.5143306,0.0,0.0
0.7061167,0.5367199,0.55429876
0.6601671,0.46111897,0.22869067
0.55304426,0.62876916,0.18464279
0.51573414,0.7362465,0.2713222
0.9141775,0.60470104,0.4452787
0.8317842,0.55498886,0.15355521
0.71566445,0.6845672,0.10865003
0.65793186,0.77322644,0.17557052
0.77628857,1.0,0.7693393
0.43396422,0.84998655,0.6005863
0.26857656,0.62396884,0.56298023
0.311943,0.42853984,0.4934519
0.2974316,0.2727579,0.4502664
0.28236383,0.486341,0.824995
0.1355867,0.27206546,0.6321529
0.0528067,0.13697469,0.49093595
0.0,0.0,0.400776
0.5257308,0.48196477,0.7835833
0.5183155,0.2800616,0.48672158
0.54308164,0.13725425,0.17846201
0.58060193,0.002097051,0.0
0.7500356,0.5214466,0.7006206
0.77087194,0.45288745,0.34330595
0.6937861,0.6321331,0.28983638
0.6450986,0.76122236,0.38544095
0.97537214,0.58436084,0.60894144
0.97367996,0.5156233,0.29132918
0.8856458,0.65503365,0.24487273
0.817191,0.76054484,0.32267538
0.7884239,1.0,0.5446178
0.45024806,0.83202165,0.36738983
0.28189152,0.6202223,0.34377956
0.30144998,0.43107298,0.30160797
0.3140632,0.28332514,0.28893968
0.25539234,0.49617812,0.65269417
0.10904666,0.27664596,0.48983416
0.039553653,0.14264682,0.38738522
0.0,0.0075437278,0.3358234
0.48941556,0.50000924,0.64906025
0.5081357,0.2821052,0.39114395
0.5590448,0.13478485,0.12356892
0.6109741,0.0,0.0
0.70047134,0.54709476,0.6046085
0.7648965,0.44008815,0.30293804
0.70316684,0.61509085,0.25965333
0.64865714,0.74240816,0.35578904
0.9106537,0.61115086,0.5401143
0.9506195,0.5256867,0.27134934
0.8867113,0.65361935,0.21066348
0.8250702,0.75492066,0.27363148
0.71689236,1.0,0.24506103
0.4318116,0.81263924,0.035072092
0.24610484,0.6033064,0.021587582
0.21472411,0.41348734,0.00604028
0.1874442,0.24499314,0.0
0.12946777,0.51050425,0.3428518
0.03564103,0.28686157,0.27384445
0.008761517,0.13903908,0.229287
0.0,0.0039987774,0.19574037
0.36201152,0.51732945,0.4002375
0.40629232,0.2829189,0.27246055
0.4798695,0.13512772,0.092768915
0.5373075,0.0,0.01734702
0.5765008,0.5621424,0.42293298
0.69133455,0.41603446,0.21276581
0.6716479,0.5758194,0.1512046
0.6238268,0.6943535,0.2224327
0.7825431,0.61989385,0.42460486
0.84916985,0.511723,0.21938042
0.8105486,0.6259293,0.1365413
0.7596,0.7212796,0.1673666
0.8020771,1.0,0.24829954
0.40198848,0.82159966,0.20681953
0.2018856,0.6027659,0.2222363
0.21728085,0.40568477,0.19612588
0.26138374,0.26650602,0.19499183
0.20788442,0.5019005,0.5095693
0.07470698,0.28866097,0.41007158
0.026787644,0.1516983,0.36386138
0.0,0.0190899,0.3393357
0.44869754,0.50661093,0.45422456
0.47179148,0.27594745,0.27897695
0.5163583,0.13353124,0.09543647
0.56303203,0.0,0.015179782
0.6698229,0.5589202,0.36261365
0.69620806,0.40134996,0.108113565
0.6285736,0.5721953,0.08537864
0.59266424,0.69246733,0.18600997
0.8929663,0.62707937,0.2704541
0.8936501,0.50936484,0.049181685
0.8231649,0.6357077,0.0
0.7749174,0.73309046,0.058056816
0.6821153,1.0,0.4243799
0.3322123,0.8308906,0.35514912
0.1854436,0.6054669,0.37224516
0.24265069,0.4203451,0.3488083
0.26594633,0.28184348,0.36186796
0.22501265,0.5078368,0.6554548
0.10056135,0.2857982,0.53793496
0.034752738,0.14411525,0.4695265
0.0,0.010452327,0.43625677
0.44776174,0.5156109,0.6020609
0.4603921,0.29444197,0.38302624
0.4884464,0.14150813,0.13438158
0.5305739,0.0,0.0
0.64522713,0.56596315,0.5122235
0.6437746,0.43841723,0.2315018
0.5332745,0.60550785,0.18962258
0.48061568,0.7225306,0.27822018
0.84476537,0.6315411,0.41925249
0.8198848,0.53395915,0.1652899
0.7233077,0.6602322,0.11239912
0.6641279,0.7558981,0.16340406
0.60646546,1.0,0.69750464
0.2801131,0.84406114,0.57025236
0.15730038,0.61932594,0.54129124
0.24585523,0.44171226,0.48344287
0.30092672,0.3047542,0.4373273
0.1966343,0.4979294,0.7559607
0.0899806,0.2754976,0.5662641
0.031048698,0.13503665,0.4302872
0.0,0.0,0.3527353
0.42205092,0.50478834,0.7030105
0.4310084,0.299487,0.41128412
0.45023733,0.14904732,0.14320855
0.48363152,0.011702345,0.0
0.6277081,0.553624,0.6136832
0.6085457,0.4778162,0.29219764
0.491962,0.63761574,0.25924578
0.43841758,0.7465348,0.34706596
0.83276296,0.6198782,0.5093105
0.7875593,0.5673673,0.22338915
0.67094177,0.6960233,0.17247327
0.6007121,0.7867763,0.22538218
0.6448753,1.0,0.93632257
0.31821725,0.8476087,0.7131339
0.17907175,0.62807345,0.58586204
0.25515476,0.44652247,0.44455642
0.27732906,0.2867103,0.30190384
0.21055038,0.46623787,0.7973947
0.07662353,0.25762546,0.5128983
0.018822625,0.12973535,0.30507326
0.0,0.0,0.16780074
0.46538475,0.47047314,0.77532405
0.503067,0.29979572,0.44268286
0.57305324,0.18212664,0.15679292
0.64749837,0.076098576,0.0
0.68977195,0.51959354,0.7025943
0.7363273,0.48784453,0.3639829
0.62674135,0.65373534,0.37037453
0.542768,0.7678515,0.4812698
0.90107995,0.59137803,0.60985595
0.91255015,0.5672797,0.32424188
0.7933791,0.6992469,0.31282577
0.69100684,0.7947121,0.40610135
0.695924,1.0,0.6877003
0.39021227,0.8428005,0.44844493
0.2657363,0.6345481,0.38123783
0.35468704,0.44955716,0.30424508
0.42598,0.28869757,0.24276114
0.20900223,0.49176136,0.6553216
0.08613616,0.27388617,0.42393547
0.03101967,0.13852064,0.27951747
0.0,0.0,0.19287708
0.45338637,0.50041497,0.6720097
0.5464019,0.30314538,0.37932566
0.6541145,0.1741732,0.11531651
0.74864095,0.05255202,0.0
0.66329306,0.5513563,0.6431607
0.7706367,0.47749174,0.32177222
0.6804766,0.6428033,0.3264013
0.5994065,0.74951303,0.44913244
0.856394,0.6189703,0.5880537
0.9289882,0.5631093,0.32194844
0.84132844,0.68830657,0.3049767
0.7490263,0.77295375,0.40024284
0.57309574,1.0,0.74960357
0.29115677,0.83242065,0.528313
0.19719592,0.63532025,0.42449474
0.2974969,0.4704211,0.32236624
0.3902904,0.31659964,0.21667156
0.154087,0.48259252,0.6114319
0.041939903,0.26829553,0.3444911
0.005566443,0.13466363,0.17227611
0.0,0.0,0.07563171
0.39553013,0.49879724,0.60939425
0.50694877,0.31824705,0.307111
0.6450954,0.21081066,0.08604697
0.7682606,0.10350393,0.0
0.60527825,0.55423784,0.5696929
0.72681147,0.5043677,0.27750632
0.6237536,0.6643684,0.29608032
0.5327292,0.7594215,0.410914
0.7906059,0.62503177,0.5033953
0.8606288,0.6072051,0.27226722
0.74957687,0.7333501,0.27115336
0.63958275,0.80739534,0.35997427
0.5103576,1.0,0.38259307
0.3060357,0.81364536,0.112662494
0.20250148,0.60139644,0.065058574
0.25246048,0.43266392,0.03427214
0.29473996,0.28564128,0.0
0.05502468,0.49004793,0.33786872
0.010113918,0.26918584,0.20972535
0.0,0.12891385,0.1383212
0.0067407284,0.0,0.09630452
0.2819742,0.5261274,0.4160009
0.44944668,0.29984677,0.2484921
0.6404858,0.16891064,0.092155844
0.7956044,0.041778546,0.03745714
0.47471938,0.58675236,0.45992765
0.65373623,0.45968992,0.21062525
0.5969642,0.6119236,0.19929968
0.51591945,0.7068447,0.3124852
0.64560527,0.64543146,0.47952622
0.7662709,0.5608338,0.24648932
0.709598,0.66933787,0.20344484
0.6327975,0.74202627,0.2574428
0.4254292,1.0,0.52283853
0.227715,0.83491904,0.1949987
0.13340272,0.62817585,0.12120503
0.18625967,0.4464902,0.06499095
0.23656558,0.28391948,0.0
9.4774197E-4,0.4891166,0.42319524
0.0025467095,0.2681855,0.24849571
0.0,0.12803765,0.14929195
0.010552896,0.0,0.110525854
0.2235925,0.50821364,0.51883405
0.43053758,0.29237887,0.28800103
0.6506448,0.15936083,0.097478315
0.8232985,0.03814885,0.0048645725
0.40816194,0.54893225,0.56688195
0.6484016,0.45652345,0.26231304
0.6214925,0.614813,0.24145643
0.53359514,0.7170984,0.34374046
0.56469846,0.5925796,0.5903742
0.7338131,0.5209185,0.3503822
0.70197713,0.6293351,0.3211804
0.6132818,0.70245826,0.379944
0.70874226,1.0,0.6469476
0.41684788,0.88012904,0.3120129
0.2712903,0.6672532,0.2174293
0.3245105,0.47078755,0.14800088
0.37353536,0.30069974,0.09880938
0.17754032,0.51780534,0.5476553
0.06290088,0.28935575,0.3405799
0.016805844,0.14010951,0.21038821
0.0,0.0,0.1411354
0.42862692,0.524008,0.6294522
0.5229726,0.30671808,0.36420226
0.6603878,0.16060483,0.10427103
0.78198445,0.029207587,0.0
0.6394452,0.56715137,0.6610171
0.7823163,0.47144535,0.31906557
0.72119457,0.6479066,0.2852531
0.6468164,0.7682244,0.40860787
0.8303579,0.6175466,0.66441125
0.93343633,0.5489215,0.37521008
0.87065,0.6756738,0.33495063
0.78849524,0.7633139,0.4184231
0.75766706,1.0,0.6183803
0.4175092,0.82977295,0.47460833
0.25654593,0.60684913,0.46656498
0.28995737,0.4210314,0.43887103
0.31267953,0.28172722,0.45130157
0.25648227,0.5036348,0.70839316
0.108129874,0.27776128,0.5258904
0.03784941,0.13711269,0.42186418
0.0,0.0,0.37248856
0.48673543,0.516972,0.6885654
0.5081617,0.30417213,0.40985793
0.55925745,0.15547049,0.13910711
0.617027,0.01646349,0.0
0.69148785,0.57188576,0.6339948
0.7362578,0.4580561,0.34660915
0.6400459,0.62473243,0.33419797
0.5775458,0.7424087,0.43888956
0.8892605,0.6425576,0.56254447
0.91719824,0.55459285,0.30528718
0.8339288,0.67717516,0.25998643
0.76991063,0.7692241,0.31598136
0.6770231,1.0,0.558225
0.36027852,0.85949683,0.44636998
0.2171977,0.6378461,0.4207823
0.2708169,0.44809252,0.35438997
0.27383563,0.29055214,0.30062747
0.2949825,0.49094704,0.6809962
0.13470653,0.28887796,0.55313736
0.053492386,0.15509218,0.43699926
0.0,0.018761957,0.34109154
0.521813,0.48439136,0.6201948
0.4496346,0.27022862,0.4028361
0.425366,0.1312441,0.1579213
0.4158564,0.0,0.0
0.7374358,0.5299268,0.5190394
0.65042,0.44042394,0.20714173
0.5781542,0.61568296,0.14013664
0.55814296,0.7343198,0.20346309
0.94873273,0.6026403,0.4139966
0.843996,0.534195,0.10225219
0.7547411,0.66726106,0.038863774
0.7179872,0.7651908,0.088899836
0.6987757,1.0,0.77259696
0.3865506,0.9084877,0.48506126
0.25823158,0.72147375,0.32505697
0.31139165,0.53878045,0.16114329
0.30488655,0.38657683,0.0
0.28533962,0.49128082,0.6567526
0.12401958,0.29050758,0.50009185
0.03775155,0.16214289,0.38082334
0.0,0.037503634,0.30606407
0.5298266,0.47372654,0.65513
0.4952968,0.25723606,0.48533714
0.47864777,0.120079085,0.3098079
0.48939008,0.0,0.19706556
0.7475986,0.5129628,0.59927136
0.7655355,0.34383518,0.24151415
0.7038725,0.49115035,0.052269284
0.6648611,0.6165498,0.04168669
0.9672081,0.5837398,0.53613335
0.98066264,0.43614742,0.20602696
0.8940155,0.52550745,0.0568396
0.8266141,0.62814236,0.032836214
0.5221746,1.0,0.69710314
0.21586506,0.89403224,0.49623024
0.095190205,0.69950646,0.35198587
0.15135299,0.53230214,0.18557402
0.19149014,0.38864997,0.015780121
0.19386148,0.47530004,0.6900385
0.07744048,0.26827052,0.55077744
0.011018126,0.13303453,0.44310954
0.0,0.007506027,0.38665456
0.40296787,0.47269163,0.636484
0.350509,0.2556346,0.47611243
0.28456962,0.11730976,0.30958197
0.26137745,0.0,0.20482834
0.59731233,0.5200161,0.5299199
0.57846457,0.34672365,0.18709634
0.45055294,0.4963752,0.025455602
0.39236507,0.62903905,0.0368827
0.80251324,0.59666556,0.42052197
0.7955334,0.44375533,0.12784617
0.6605966,0.53297156,0.010257409
0.57084537,0.63939035,0.0
0.73620355,1.0,0.68395257
0.40330333,0.914034,0.37755933
0.258993,0.7222109,0.25601017
0.2981986,0.5214629,0.13312198
0.314026,0.37123838,0.0
0.29877394,0.5164525,0.71527976
0.12817304,0.31827238,0.6390286
0.040584702,0.18194002,0.5727645
0.0,0.057164997,0.5325
0.52739626,0.48287988,0.7594477
0.44152912,0.26842657,0.66809547
0.40076536,0.12236953,0.5289997
0.3826716,0.0,0.44104713
0.7347952,0.5017833,0.73987615
0.71257657,0.29876414,0.446442
0.701628,0.3972197,0.18174349
0.70181715,0.5105057,0.09554753
0.9492595,0.54619145,0.70759827
0.9637766,0.39048353,0.39443874
0.92651826,0.43665212,0.17070656
0.891153,0.5258813,0.07364428
0.6163243,1.0,0.7476351
0.32415834,0.9062358,0.4133755
0.20393421,0.72649837,0.26612884
0.26279286,0.532049,0.13505413
0.30682182,0.3827459,0.0
0.2449921,0.5143397,0.6382281
0.10650233,0.30803925,0.54247874
0.036580227,0.17131692,0.4611214
0.0,0.044939723,0.39027286
0.47729635,0.4856308,0.6963108
0.4414823,0.2680251,0.59586316
0.4300371,0.12212448,0.45896947
0.42077175,0.0,0.3571729
0.67360526,0.51495856,0.7049327
0.68998814,0.3139925,0.4282435
0.7031972,0.416221,0.20340377
0.70906866,0.53040713,0.12391045
0.86396384,0.5740637,0.6957717
0.89526355,0.42725918,0.4041211
0.8868236,0.46297577,0.21324515
0.86954427,0.5328145,0.13426003
0.567465,0.93490183,1.0
0.28307256,0.85889745,0.586685
0.14742911,0.7052178,0.36614692
0.2080348,0.5261437,0.18448608
0.30131024,0.3911464,0.0
0.20296586,0.45294192,0.7091171
0.074143715,0.2580937,0.5316481
0.019253515,0.1345468,0.39818674
0.0,0.016931508,0.29930487
0.45147046,0.424818,0.773418
0.43521047,0.22095764,0.5822673
0.45012516,0.09658627,0.40307173
0.4664291,0.0,0.2869138
0.6559689,0.44951823,0.77936244
0.69848347,0.28379902,0.43085682
0.70317763,0.42568046,0.2157017
0.69557786,0.56470984,0.15340057
0.856442,0.5073761,0.7692053
0.9040218,0.37316582,0.43384755
0.8729195,0.4490505,0.2537937
0.832756,0.54725635,0.19825082
0.59282434,1.0,0.87902826
0.2716754,0.91833425,0.53265864
0.13258234,0.7355965,0.34409583
0.20893064,0.5347739,0.17033766
0.30331635,0.38417965,0.0
0.22951524,0.49083227,0.7592356
0.0899363,0.27683854,0.60097843
0.02322534,0.13740939,0.46553776
0.0,0.0043483437,0.3759531
0.4826953,0.47344568,0.7886253
0.43354097,0.25430146,0.6025539
0.4151321,0.114569224,0.4111046
0.4062819,0.0,0.2858612
0.7075894,0.5088772,0.7520157
0.73633254,0.32430983,0.38293037
0.70150644,0.4705122,0.16514699
0.6623842,0.61299646,0.11753416
0.9404635,0.57701224,0.7046026
0.98752075,0.41842633,0.35321116
0.9179485,0.50278234,0.16546476
0.8444683,0.6171886,0.117112294
0.54862404,1.0,0.676899
0.30447292,0.81697655,0.5581889
0.20755991,0.5899315,0.5313266
0.259458,0.4087656,0.47523353
0.24405085,0.26398548,0.43157986
0.17808715,0.48435336,0.6978372
0.06913585,0.27015892,0.50107193
0.027827905,0.13442329,0.3729259
0.0,0.0,0.28867206
0.39371172,0.5118153,0.6603789
0.479671,0.3077606,0.39252046
0.59630173,0.16595648,0.13579561
0.6936286,0.03634275,0.0
0.5776717,0.580645,0.59353524
0.65824276,0.48605713,0.3081159
0.5685502,0.63020635,0.30453593
0.48243636,0.73010933,0.40649188
0.7488845,0.6599169,0.5191503
0.80157465,0.594371,0.24598533
0.71413594,0.70522976,0.21351469
0.6328527,0.78751594,0.2783112
0.55198246,1.0,0.85817295
0.2845991,0.8448313,0.71685654
0.20114301,0.6397592,0.6533587
0.2703477,0.47667623,0.55270296
0.26744696,0.32097507,0.45267183
0.232312,0.49571845,0.8094907
0.108088054,0.27482498,0.56029224
0.037659656,0.13350481,0.38825643
0.0,0.0,0.28028324
0.45807767,0.50965935,0.75194484
0.50046337,0.31793568,0.43982407
0.5619681,0.16997239,0.16091226
0.6315297,0.03298978,0.0
0.6562569,0.5666953,0.6547673
0.63318276,0.5322414,0.29061154
0.50960267,0.68886715,0.27861091
0.433293,0.7990141,0.385193
0.8429358,0.63687086,0.5497047
0.80002576,0.58717316,0.26103333
0.6752761,0.70067215,0.24981417
0.58979315,0.791959,0.3301165
0.52235645,0.9249185,1.0
0.29115024,0.7949539,0.7999573
0.207819,0.59648776,0.6839451
0.27303496,0.44307712,0.5528402
0.26463342,0.30536655,0.42298096
0.21172726,0.45365003,0.78379524
0.08009984,0.25236613,0.501419
0.024415825,0.124277584,0.32974583
0.0,0.0,0.21687278
0.43195912,0.46433097,0.74877113
0.46093684,0.30498642,0.39948827
0.52544177,0.18628082,0.14631803
0.5881829,0.0809925,0.0
0.626926,0.5112355,0.67512995
0.64634687,0.50490683,0.33347893
0.5401589,0.6601526,0.37458062
0.4564192,0.7695675,0.49033037
0.8091497,0.57388264,0.5862433
0.79032016,0.56573385,0.3182384
0.68237627,0.68939215,0.32010204
0.5933707,0.7824995,0.40077302
0.39158913,1.0,0.5155714
0.19649273,0.8312845,0.26559284
0.128752,0.62120557,0.21628141
0.19879815,0.45576358,0.17897661
0.21554759,0.29697573,0.14135906
0.067220576,0.48554292,0.46471208
0.016411193,0.2655469,0.30694392
0.0,0.12766302,0.20482996
0.005846784,0.0,0.14193526
0.27055573,0.5264993,0.5223867
0.42174584,0.33168608,0.29542032
0.5942481,0.20959656,0.08341973
0.73837054,0.09883303,0.0
0.44091824,0.59334826,0.5412306
0.5829779,0.5349014,0.2747933
0.498809,0.6898308,0.25688985
0.40262234,0.7854388,0.35120448
0.5899188,0.65818876,0.539346
0.68475497,0.63641685,0.28157815
0.6017941,0.75804275,0.23331955
0.5078831,0.8330263,0.28980103
0.55209017,1.0,0.3224477
0.2750847,0.8243505,0.20902614
0.18240881,0.60386306,0.18688051
0.27667552,0.4285687,0.14212944
0.33420062,0.28956556,0.12380266
0.18709633,0.46828747,0.45448765
0.07508278,0.25679448,0.31911835
0.02267118,0.12723374,0.25430134
0.0,0.0,0.21880277
0.40829444,0.49235827,0.4311899
0.49954724,0.28190276,0.24267283
0.5754158,0.15458603,0.07174665
0.6593745,0.028962424,0.0
0.59222925,0.5575325,0.3720011
0.67551214,0.43896297,0.12420183
0.5476276,0.5897229,0.11831057
0.4723818,0.6797099,0.21619189
0.7714153,0.6324277,0.30156302
0.8103537,0.5442645,0.068309344
0.69879687,0.65716946,0.015485752
0.6235883,0.7320573,0.054069884
0.50937635,1.0,0.40648684
0.21242659,0.8674549,0.25231403
0.11582856,0.6460782,0.21193781
0.21663624,0.4683453,0.14252257
0.2971802,0.33118412,0.09192437
0.12708189,0.5189468,0.52853054
0.035271242,0.3351068,0.37314367
0.0,0.2136547,0.27797514
0.00296086,0.09901513,0.2319365
0.35933638,0.52115583,0.49074727
0.4380617,0.3015266,0.27584618
0.50468993,0.15158722,0.08954845
0.5939009,0.0,0.009692334
0.55454546,0.57942104,0.41764978
0.6094724,0.44539857,0.06932952
0.48805007,0.6074502,0.01709396
0.43246916,0.7042232,0.12571459
0.7442955,0.6553758,0.3325031
0.7341376,0.5569749,0.046259616
0.6157199,0.67653966,0.0
0.5533271,0.7527991,0.074272536
0.47782904,1.0,0.5895015
0.19131778,0.9056906,0.32249242
0.10447394,0.68662816,0.24329197
0.2051845,0.4976617,0.16396461
0.28525344,0.36035275,0.107963294
0.08244067,0.5457476,0.54637355
0.015859809,0.37775227,0.34223068
0.0,0.2602291,0.20798908
0.014703477,0.14350581,0.1379684
0.31918383,0.5344279,0.5582127
0.4140851,0.32393762,0.32925698
0.49896216,0.16042322,0.11458451
0.5999982,0.0,0.0
0.5109396,0.58173436,0.5289134
0.6015308,0.43698594,0.12627171
0.5093702,0.6074202,0.056581482
0.453194,0.720305,0.15743513
0.6926911,0.6510519,0.48521146
0.72341895,0.5696567,0.11260446
0.6364224,0.6941588,0.03239817
0.56722224,0.7764229,0.09349208
0.38460615,1.0,0.50492626
0.124712296,0.8636822,0.38874733
0.06310352,0.6275083,0.35678148
0.185302,0.44786048,0.28080508
0.32108688,0.31571108,0.2332482
0.22142531,0.5004499,0.5941975
0.098691165,0.31136832,0.4365688
0.034455873,0.19410993,0.3337483
0.0,0.07828872,0.25527915
0.45185167,0.51737815,0.51390314
0.5392433,0.28996542,0.35811582
0.57419765,0.14110224,0.20489603
0.65224457,0.0,0.10628664
0.64593136,0.5930279,0.39135513
0.5338237,0.4817963,0.06386212
0.3647338,0.63112766,0.045425285
0.34934175,0.7209858,0.14299598
0.8103522,0.6807919,0.26827818
0.6368536,0.6051189,0.0
0.49859735,0.7158165,0.010493029
0.49215823,0.7883709,0.09316237
0.47159353,1.0,0.25237107
0.18712027,0.8295436,0.23921075
0.12369357,0.5940957,0.28147256
0.24167372,0.4082761,0.24956222
0.32556698,0.26074192,0.22077064
0.23147124,0.49169624,0.6735706
0.08729882,0.30943865,0.60730267
0.022392672,0.18460819,0.5348801
0.0,0.06261636,0.4680302
0.44302657,0.49445578,0.58804446
0.49601614,0.27537754,0.4908684
0.5141378,0.1313749,0.32337207
0.56289184,0.0,0.22140321
0.6233016,0.54768175,0.45468068
0.5442169,0.38760084,0.19407393
0.4150539,0.54495525,0.12928958
0.41020975,0.6502826,0.1957299
0.79232705,0.61739206,0.330356
0.6557893,0.50180596,0.0651868
0.5537427,0.6238778,0.0
0.55743074,0.71468085,0.032900333
0.41700786,1.0,0.4070333
0.16482334,0.84820753,0.23505922
0.11078839,0.61828196,0.22470792
0.19853222,0.42568597,0.16590062
0.2053969,0.27114025,0.09359559
0.14161476,0.4974441,0.5882855
0.040087182,0.29296106,0.4927668
0.0,0.15822896,0.39522737
0.0018843391,0.0342997,0.34611142
0.37206808,0.49885157,0.56978947
0.43701786,0.2819316,0.40201858
0.49967235,0.1321387,0.23322093
0.56815076,0.0,0.15478201
0.5718244,0.54689664,0.5021071
0.61550987,0.37852928,0.1433736
0.53769296,0.5404484,0.016341392
0.4844857,0.67177147,0.08616447
0.77417153,0.6136588,0.43585563
0.79649127,0.4729456,0.10601292
0.7195955,0.58352995,0.0
0.66009784,0.6876346,0.037999496
0.3872947,1.0,0.3695627
0.12779458,0.8527256,0.26284656
0.08131917,0.61457324,0.30298063
0.19860283,0.42376024,0.28842175
0.22665162,0.27267152,0.27222082
0.16250885,0.5041037,0.66369224
0.07078754,0.2966408,0.6146509
0.017927617,0.16099633,0.5461786
0.0,0.031926736,0.4977247
0.3813401,0.5042325,0.620867
0.41174194,0.28226957,0.4990001
0.43202963,0.1336101,0.3436703
0.4731101,0.0,0.25774056
0.57839525,0.5578407,0.5296717
0.5784472,0.3782669,0.19785133
0.46295884,0.5463094,0.07262118
0.41243517,0.6758272,0.13421203
0.78068763,0.6362862,0.44799653
0.7559734,0.49118918,0.11260336
0.6445462,0.613524,0.0
0.5899984,0.72395915,0.028347312
0.36621517,1.0,0.365708
0.10836291,0.8349006,0.292922
0.07973948,0.59206474,0.32344726
0.20904392,0.41009256,0.29969472
0.24089591,0.24522443,0.27640218
0.18465827,0.48977506,0.65945274
0.07608299,0.2801175,0.579515
0.02170852,0.14350459,0.4847007
0.0,0.0046882397,0.39299765
0.40241385,0.5040992,0.5784449
0.4040165,0.2739624,0.42748162
0.40406486,0.13683839,0.23065242
0.43471134,0.0,0.09893213
0.5978461,0.56878954,0.45594987
0.55252624,0.41431394,0.15028441
0.43514243,0.5877159,0.085056625
0.40433434,0.7044121,0.15467244
0.78654253,0.6581751,0.33649167
0.7052,0.53721833,0.039349914
0.5862582,0.665868,0.0
0.5518495,0.76004285,0.065338016
0.2580755,1.0,0.600716
0.02879664,0.8212395,0.4784636
0.006435768,0.5791942,0.4695049
0.12131577,0.39457178,0.42092052
0.14630103,0.22897196,0.3826442
0.06453094,0.48210946,0.6884549
0.014884491,0.2766064,0.5502543
0.0,0.13708393,0.42728755
0.02723854,0.0,0.33699122
0.28624704,0.5131908,0.6410905
0.37042353,0.30457827,0.3841417
0.4575463,0.17759572,0.1364744
0.5649745,0.043175403,0.0
0.47739485,0.58386487,0.56996953
0.5554073,0.45679784,0.2299221
0.42893466,0.62751156,0.19308339
0.3538577,0.7400676,0.2987013
0.6698802,0.6775517,0.49202186
0.7126707,0.56520176,0.19510877
0.59285975,0.68771595,0.16121356
0.51986784,0.7756541,0.24600154
0.3026876,1.0,0.50251335
0.08181072,0.8264018,0.31240624
0.042638905,0.59230626,0.27510703
0.14727639,0.39593735,0.20984735
0.15885726,0.22598426,0.1541188
0.022591634,0.47392917,0.61075824
0.0,0.2689585,0.50665444
0.019316418,0.13533713,0.39361316
0.07485855,0.0030620696,0.3040674
0.24990201,0.49876928,0.6077165
0.35659504,0.28404114,0.41527542
0.47078604,0.14472309,0.1534177
0.6016725,0.0,0.0
0.4422197,0.5665327,0.5798807
0.5837277,0.4490223,0.2818357
0.4736528,0.61671466,0.23575294
0.38718307,0.7178123,0.32845417
0.6364978,0.65063876,0.5358176
0.7247251,0.55308,0.2525697
0.61126614,0.6798781,0.21873493
0.52216583,0.76097107,0.30827445
0.57257587,1.0,0.1832157
0.26882064,0.81303483,0.01879459
0.13475552,0.59287006,0.019208657
0.18429546,0.39527062,0.0
0.21866688,0.24571176,0.014313733
0.09836177,0.48425087,0.42086402
0.017213289,0.2621043,0.37109935
0.0,0.1290508,0.33684218
0.0020389399,0.0,0.3188526
0.33162943,0.4919386,0.43313092
0.37846884,0.26149938,0.2887924
0.4508579,0.12683505,0.1029746
0.5230554,2.5965957E-4,0.025478194
0.5376277,0.54363203,0.40199208
0.61891454,0.4010463,0.16857788
0.56587803,0.5677045,0.10545506
0.5206149,0.68747336,0.17072174
0.7468101,0.6120382,0.35358244
0.78101075,0.50186473,0.14926313
0.7252152,0.6172959,0.076436006
0.6776761,0.7083461,0.117356874
0.49411395,1.0,0.2036677
0.18415864,0.81920916,0.15999086
0.08355555,0.5848403,0.22648387
0.17726728,0.3899414,0.24571016
0.22549243,0.25223643,0.28667226
0.126703,0.49938256,0.5490713
0.031384293,0.28122398,0.49970227
0.0,0.14423873,0.43466654
0.0023836961,0.018490905,0.3744056
0.3509035,0.5053363,0.49907583
0.39495876,0.27651304,0.35074154
0.44250706,0.13391235,0.14712398
0.49698436,0.0,0.035415076
0.5503651,0.55601895,0.40931416
0.58608615,0.4059181,0.14542076
0.5043115,0.56982046,0.060570978
0.46596265,0.6879699,0.10907992
0.75609875,0.62568593,0.3224545
0.74775213,0.5038019,0.07473977
0.663515,0.62642556,0.0
0.6231664,0.72237885,0.03648821
0.8457161,1.0,0.7027419
0.47253725,0.8758675,0.58126
0.3020317,0.6712552,0.48568407
0.35955644,0.49300557,0.3490088
0.42496824,0.3423739,0.23817013
0.30964845,0.49056154,0.65151733
0.14755772,0.2676672,0.4437155
0.060917094,0.1321832,0.3489485
0.0,0.0,0.30138874
0.5545294,0.48551887,0.5732345
0.58490443,0.3081143,0.28389382
0.63139755,0.18252856,0.085022815
0.67848516,0.06706721,0.0
0.7824875,0.527045,0.4553518
0.79258823,0.5057726,0.15645175
0.69109666,0.66750306,0.21266292
0.6363961,0.7602106,0.34899667
0.9907562,0.59390587,0.31992337
0.9750396,0.57410014,0.0911813
0.8703264,0.69614625,0.07346047
0.7905206,0.7727506,0.12993884
0.8520493,0.9428479,0.7899288
0.52284884,0.8386183,0.5399548
0.3670693,0.6485979,0.38508818
0.42961702,0.47752705,0.21826197
0.46597472,0.3227962,0.079281256
0.3084941,0.4542835,0.56790763
0.14292146,0.2523447,0.34057117
0.056349374,0.12709254,0.23985039
0.0,0.0,0.1808913
0.5520255,0.44470474,0.55049
0.61654276,0.26693195,0.2704099
0.696347,0.14873646,0.085235946
0.76402086,0.04213243,0.0
0.77041847,0.48005584,0.49044412
0.8310326,0.4706296,0.16819061
0.75294334,0.63904536,0.22798531
0.69976205,0.7425948,0.36499375
0.9712867,0.5329177,0.40120286
1.0,0.5081204,0.18595995
0.9145728,0.63879794,0.18361567
0.8458103,0.7289639,0.2610488
0.7243083,1.0,0.61764336
0.36568394,0.86582696,0.4921197
0.23909965,0.6644564,0.43198147
0.31163982,0.4943981,0.3530136
0.36906558,0.34932065,0.28317907
0.22764571,0.5017252,0.5547974
0.1093518,0.27275804,0.36524212
0.04306793,0.129902,0.2762645
0.0,0.0,0.24066794
0.4542937,0.5164441,0.5116215
0.51374054,0.29864562,0.25043193
0.5768735,0.15452097,0.06682255
0.6441361,0.016828218,0.0
0.6566123,0.5672892,0.44497874
0.7117643,0.4842308,0.17298216
0.595564,0.64390785,0.21334645
0.5228402,0.7383155,0.3429735
0.8376713,0.62776667,0.35361722
0.8746311,0.5757169,0.116780914
0.7782746,0.6944542,0.08365636
0.69841224,0.77205694,0.13866466
0.6060149,0.9882883,1.0
0.29101637,0.92770576,0.63541216
0.1537147,0.72243905,0.46161655
0.24289523,0.5290809,0.30985326
0.27537057,0.35468376,0.16008736
0.06932737,0.5174349,0.6894117
0.012809759,0.3014011,0.41563877
0.0,0.1557078,0.2298697
0.004282473,0.021054778,0.11323727
0.31766447,0.49859476,0.734245
0.44673088,0.2916282,0.4251347
0.56926984,0.14329694,0.15578115
0.6789635,0.0,0.0
0.5362865,0.5265319,0.74187434
0.6837169,0.4775715,0.37921023
0.61147803,0.66954815,0.37685192
0.5363476,0.7890305,0.49358642
0.73836946,0.57127225,0.70988345
0.828163,0.55892116,0.40975505
0.7485816,0.71489197,0.37819797
0.65709597,0.8110361,0.45009407
0.5242601,1.0,0.4148646
0.18411967,0.833345,0.41747993
0.10333677,0.62177926,0.435212
0.20299132,0.45919785,0.38381934
0.28300694,0.31504312,0.33698046
0.17048825,0.49097916,0.6754234
0.06992437,0.28039932,0.60641706
0.02000409,0.15413888,0.56845385
0.0,0.0410536,0.54611
0.37970003,0.49441922,0.5614447
0.42864904,0.27015343,0.40553987
0.43677282,0.12848938,0.23064744
0.46627763,0.0,0.14374977
0.56667626,0.5394825,0.414381
0.485941,0.43245137,0.1501626
0.35309622,0.59840584,0.11032945
0.32952636,0.7058634,0.19014989
0.7391634,0.59874505,0.27274653
0.63644654,0.5244734,0.037588567
0.5186167,0.650788,0.0
0.4726695,0.7406663,0.044449374
0.5956002,1.0,0.7040262
0.27130967,0.86856616,0.59594077
0.14902113,0.658407,0.53248376
0.22703615,0.48992717,0.41859373
0.27186736,0.34223843,0.31652632
0.24480827,0.49574775,0.6819494
0.11528529,0.27346295,0.50190103
0.042792257,0.13392508,0.37710032
0.0,0.0,0.2844111
0.47050977,0.4942982,0.58742297
0.46069288,0.28502232,0.33287197
0.44868937,0.14703982,0.12383331
0.45704445,0.018182617,0.0
0.6806341,0.53802294,0.46224558
0.557113,0.4931788,0.14067681
0.4359651,0.6572785,0.16684149
0.41542858,0.76044595,0.2796227
0.8652975,0.60014194,0.32020757
0.7072776,0.58250815,0.07968931
0.5840639,0.7028485,0.098980926
0.54410774,0.78184646,0.18456428
0.5189325,1.0,0.44401705
0.22465554,0.8437094,0.3309358
0.14167574,0.58840066,0.3525845
0.24787296,0.38919902,0.330082
0.28200832,0.22339891,0.30604452
0.22078462,0.50481045,0.6712854
0.102426715,0.30987537,0.6286646
0.045081656,0.1724986,0.5594688
0.0,0.02873088,0.46497947
0.45641664,0.503349,0.6117398
0.43340138,0.2951241,0.45054772
0.41308245,0.14535137,0.19620328
0.40527,0.0,0.0
0.6845467,0.55125064,0.5126866
0.6019618,0.42051348,0.18337111
0.4810483,0.59856975,0.08445059
0.42700714,0.7320966,0.13734978
0.90663886,0.628897,0.41517895
0.7918369,0.5350333,0.08236623
0.675501,0.6707271,0.008049127
0.6221474,0.776186,0.05934244
0.48295832,1.0,0.55286914
0.19298239,0.8474141,0.42159483
0.12559167,0.57933426,0.4653874
0.24871919,0.3770276,0.46392643
0.26499182,0.20777637,0.4570142
0.23207878,0.48464662,0.7748744
0.112742275,0.2933726,0.6937763
0.049851853,0.1600594,0.59225434
0.0,0.02051943,0.47539762
0.47398496,0.4884335,0.7096444
0.45258492,0.29764387,0.52007955
0.4465308,0.14322993,0.2309594
0.455716,0.0,0.0
0.71132916,0.54193735,0.59738994
0.5904244,0.44376075,0.21151939
0.43601274,0.61810106,0.103119284
0.35435897,0.7566766,0.16215877
0.92686886,0.6244504,0.48694363
0.7744567,0.55243874,0.10989681
0.6174025,0.6875624,0.032974575
0.5247852,0.7958999,0.09868369
0.5903369,1.0,0.26295814
0.23176306,0.81953025,0.16828468
0.10799482,0.5616532,0.20869601
0.18638985,0.351543,0.18822916
0.19971174,0.19419654,0.19377199
0.14760801,0.51199704,0.63296306
0.03000378,0.30008188,0.58503425
0.0,0.14957535,0.51741844
0.006346459,0.008158278,0.44957277
0.38799205,0.5132736,0.58776563
0.4003427,0.29531828,0.4332775
0.44235247,0.14025207,0.19005732
0.50559264,0.0,0.05195345
0.6121669,0.55688465,0.4923035
0.59956205,0.3968427,0.16931094
0.48903227,0.564038,0.068713546
0.43802133,0.6908683,0.1428352
0.8454395,0.6185006,0.40194547
0.7849718,0.48955932,0.09707419
0.6742088,0.6165076,0.0
0.6138856,0.72096074,0.044207614
0.5228646,1.0,0.29271594
0.20821093,0.8148147,0.1341939
0.1053141,0.5545589,0.12964833
0.18267025,0.34103975,0.07920765
0.16009623,0.16964586,0.029497288
0.07115291,0.47739133,0.6202384
9.950758E-4,0.27827433,0.5632996
0.0,0.13972925,0.47196907
0.029041752,0.0061637117,0.3805128
0.3089698,0.47958773,0.6263536
0.37436453,0.27415353,0.46503747
0.45534357,0.13208877,0.16934492
0.5439582,0.0,0.0
0.5233672,0.5246941,0.5882522
0.5743943,0.38946995,0.2984598
0.49362558,0.5723574,0.19664751
0.44941276,0.70293695,0.26586598
0.75131434,0.5882567,0.54577464
0.7451881,0.47571057,0.23866257
0.6608919,0.617131,0.13255094
0.6116842,0.724643,0.18031798
0.39719155,1.0,0.43757996
0.10465218,0.8182806,0.3199063
0.04421485,0.5573611,0.3570816
0.16866116,0.36316374,0.33904266
0.21879733,0.20204222,0.32745618
0.099853724,0.48660603,0.7170208
0.021199798,0.28084156,0.6629729
0.0,0.13968976,0.58267534
0.009055702,0.005150185,0.4930118
0.33475772,0.4937726,0.6742399
0.3888289,0.28974834,0.49467316
0.441055,0.14044948,0.20123366
0.5071051,0.0,0.0
0.5511527,0.54904824,0.58733565
0.52954006,0.42572975,0.24678701
0.38442287,0.5966902,0.11923146
0.30791208,0.72586423,0.16643845
0.763524,0.62847644,0.5029226
0.68710554,0.53960747,0.16968367
0.5556304,0.67067695,0.059196338
0.47949824,0.7716037,0.091191195
0.52267444,1.0,0.28344053
0.20676018,0.8112642,0.26941377
0.1222266,0.5659622,0.33267257
0.22930239,0.37773862,0.31080785
0.28592372,0.21882005,0.29056385
0.21058993,0.50350434,0.7359733
0.1032202,0.30094734,0.7490436
0.042850863,0.16558868,0.72879475
0.0,0.041369393,0.6920169
0.42990357,0.5029275,0.6456586
0.44296694,0.2848555,0.56585544
0.43700334,0.13269919,0.3690765
0.45382896,0.0,0.2317931
0.63931984,0.5447119,0.50524694
0.5634414,0.40183324,0.21795486
0.42248482,0.55830735,0.07150618
0.3719653,0.677502,0.09184189
0.85154015,0.60196066,0.38210237
0.72869724,0.4831508,0.10928905
0.58976245,0.5940961,0.0
0.5229496,0.6937419,0.010364662
0.38370368,1.0,0.5571306
0.09056713,0.8537971,0.45296603
0.0524211,0.592901,0.5187866
0.20659928,0.39865345,0.53760654
0.2860117,0.24137276,0.54590213
0.20044619,0.50174934,0.8682532
0.10004931,0.30409697,0.79602104
0.042810533,0.17053631,0.7025744
0.0,0.041422024,0.5936966
0.43263313,0.504307,0.78268135
0.42870662,0.29480955,0.6398405
0.42218718,0.13771704,0.4029801
0.43434405,0.0,0.21322677
0.65299934,0.55919474,0.6415753
0.5083683,0.43599722,0.24878155
0.32321686,0.60642266,0.116348445
0.2282407,0.74570805,0.15764837
0.84232044,0.6352009,0.5068299
0.64261997,0.5645571,0.10193959
0.4576565,0.69346243,0.0
0.3494811,0.79844934,0.04397334
0.39173916,1.0,0.49100783
0.07741891,0.8405095,0.39967668
0.054155033,0.56719804,0.4259186
0.22453594,0.37074453,0.41676417
0.28243548,0.19781385,0.39616024
0.25982144,0.46589983,0.73441136
0.11788898,0.2832694,0.6307332
0.05563666,0.15662459,0.5241671
0.0,0.026028568,0.40352905
0.5047673,0.47337022,0.6469545
0.4226906,0.28397658,0.46831486
0.3992687,0.13622385,0.1985556
0.38633907,0.0,0.0
0.7309534,0.5302982,0.5123446
0.48655903,0.45519787,0.14290172
0.30485782,0.62714344,0.06351779
0.21297772,0.76308465,0.12902312
0.9102368,0.61267155,0.3756482
0.65407294,0.55720246,0.049444307
0.47740105,0.68628544,0.007093385
0.38386008,0.7947498,0.082596555
0.48570484,0.99291885,0.6049599
0.1749214,0.8348893,0.48443767
0.11015195,0.5660601,0.47366282
0.24744427,0.3605829,0.43983287
0.27565438,0.18189016,0.39333004
0.28979722,0.43984354,0.77473944
0.15021771,0.2853838,0.64143896
0.07798611,0.172066,0.50862825
0.0,0.04599833,0.36960942
0.5432293,0.44196504,0.69728214
0.45990217,0.27902296,0.48541313
0.43424487,0.1374835,0.20697397
0.4094603,0.0,0.0
0.7894383,0.4938862,0.5784417
0.5651235,0.45575827,0.20826699
0.4076144,0.6355669,0.13851094
0.32529384,0.77101576,0.21104722
1.0,0.58044076,0.45061895
0.77291644,0.54223585,0.12958759
0.6135228,0.6818191,0.10713431
0.5229506,0.7933543,0.19847146
0.47429094,1.0,0.6752438
0.14966539,0.8429368,0.4978133
0.04582809,0.5734316,0.4924096
0.14770547,0.36557716,0.4357303
0.18618289,0.1972699,0.36641356
0.10048688,0.49168468,0.8606535
0.013658019,0.2998889,0.7380845
0.0,0.16497515,0.59018004
0.01095707,0.026422119,0.4610968
0.36069492,0.49137688,0.81687754
0.38285527,0.29880497,0.56486624
0.4281395,0.15035799,0.22522487
0.48066765,0.0,0.0
0.60594636,0.5338814,0.73472464
0.5946805,0.41754365,0.30725834
0.46943152,0.6162783,0.1851868
0.39188337,0.7633645,0.2771935
0.8476784,0.6074921,0.6474241
0.79588604,0.5113356,0.25690743
0.68321276,0.65828437,0.1738486
0.6046595,0.7683214,0.2571167
0.5800177,1.0,0.41836396
0.22805147,0.83175665,0.26637396
0.10229332,0.5682639,0.26500782
0.17593583,0.3553016,0.21547674
0.16014755,0.18466425,0.16802782
0.08389928,0.5063647,0.71023667
1.5469015E-4,0.3053627,0.6283816
0.0,0.16161506,0.5123328
0.037896916,0.026198536,0.4109144
0.32808515,0.508042,0.68787396
0.3561948,0.29329082,0.48443344
0.4249378,0.14314622,0.17832808
0.5074926,0.0,0.0
0.5557663,0.54843175,0.62267053
0.58159715,0.4042598,0.27992114
0.505029,0.5899075,0.16417149
0.4634047,0.721505,0.2412177
0.8005191,0.6068227,0.5527437
0.78375137,0.4866157,0.22720627
0.70345896,0.6310505,0.13158213
0.65400416,0.740628,0.192287
0.5082931,1.0,0.41735974
0.20509697,0.8433161,0.33826286
0.112718046,0.58651346,0.40656504
0.21684045,0.38719898,0.40758392
0.27195412,0.22964354,0.4066645
0.18579686,0.51999485,0.78735244
0.08465928,0.32563254,0.7634255
0.033792708,0.19054802,0.67572665
0.0,0.06026673,0.5780915
0.41210684,0.5159712,0.711218
0.42263845,0.30605236,0.58955264
0.4253574,0.14593744,0.3123675
0.4490303,0.0,0.08714883
0.63288933,0.5601222,0.5902402
0.55860883,0.41717973,0.24922526
0.4129897,0.5872041,0.07962709
0.34354195,0.72070456,0.09239718
0.84463555,0.62600434,0.47846714
0.7278213,0.53308856,0.12443521
0.5998068,0.66564065,0.0
0.5290876,0.7716175,0.013088532
0.4382476,1.0,0.5510965
0.14010864,0.8582718,0.43076992
0.07740637,0.59097993,0.48021352
0.22464857,0.39232704,0.47988698
0.28216112,0.23666982,0.47150797
0.24334572,0.49398708,0.8157083
0.12511294,0.31173137,0.7342907
0.059159603,0.18515074,0.6403283
0.0,0.062244132,0.5285833
0.47677898,0.49402815,0.7340327
0.45038465,0.30216745,0.5732443
0.43357137,0.14231594,0.3037493
0.4328295,0.0,0.09040741
0.7058185,0.54582614,0.60291237
0.5341682,0.45017353,0.21121712
0.35568053,0.61869866,0.095026866
0.26554278,0.7561946,0.14606443
0.90534025,0.6208089,0.47100177
0.6963536,0.556718,0.08621817
0.52063435,0.6844278,0.0
0.41710263,0.78914046,0.05291084
0.46061823,1.0,0.54126227
0.1446931,0.8552698,0.43602917
0.09011558,0.5720518,0.474864
0.22785333,0.364645,0.48007256
0.2521255,0.19478844,0.4645019
0.27348858,0.4614675,0.7772369
0.12312372,0.2948925,0.6617885
0.05934583,0.1750492,0.54424316
0.0,0.04787181,0.41255844
0.518487,0.45897433,0.6899659
0.44071978,0.28578857,0.516553
0.4234171,0.13768382,0.23410633
0.4073502,0.0,0.014903597
0.75444424,0.5108698,0.55735034
0.52244407,0.45830256,0.1763119
0.3588893,0.6296409,0.074247524
0.26664174,0.76231617,0.1245103
0.9471585,0.59338826,0.42460778
0.6966977,0.56472856,0.059551425
0.52706635,0.6974611,0.0
0.42856282,0.80157226,0.062070873
0.4739067,1.0,0.62137425
0.2064512,0.8506872,0.54852074
0.12174854,0.62675846,0.54269105
0.18085273,0.44175437,0.48935273
0.21436828,0.2988702,0.43512535
0.19351313,0.5235,0.7091633
0.08673272,0.31733987,0.5482634
0.032640718,0.17646283,0.4218529
0.0,0.046080574,0.3160791
0.4054511,0.53465915,0.63437736
0.42008996,0.32116145,0.4322488
0.4324561,0.15703776,0.22782496
0.4603269,0.0,0.075287685
0.59723014,0.59440106,0.52669686
0.58854645,0.48640993,0.17809148
0.44462687,0.5952898,0.063980594
0.35664114,0.66625524,0.09368595
0.7742327,0.6688343,0.42107058
0.7304306,0.57250386,0.0955917
0.5868736,0.63085365,0.0
0.47267944,0.6837741,0.014137768
0.4429465,1.0,0.7155549
0.1841784,0.88334966,0.60591215
0.09965336,0.65229225,0.59024334
0.16131581,0.4675087,0.5400374
0.19660228,0.31780794,0.4946105
0.18527517,0.52762383,0.74301744
0.09067868,0.31998265,0.5738922
0.034512304,0.17493118,0.45309836
0.0,0.044068534,0.3581641
0.3979779,0.53084296,0.6676747
0.38768408,0.32283136,0.440466
0.3924086,0.15337008,0.23511423
0.4114647,0.0,0.09349606
0.59947777,0.5839986,0.552258
0.5130675,0.5086389,0.15445617
0.36373737,0.6245706,0.04551139
0.27697855,0.7031463,0.09726367
0.77267486,0.65242267,0.44306016
0.6450401,0.60373116,0.07677999
0.47872096,0.67550695,0.0
0.35350868,0.7307929,0.047362626
0.5496796,1.0,0.5454433
0.3075278,0.84443086,0.40797755
0.21801004,0.62204677,0.39395848
0.27436724,0.43405715,0.3609102
0.2485781,0.27916276,0.34930548
0.1917444,0.50123274,0.5810543
0.09022686,0.27354383,0.42332786
0.028843276,0.13461518,0.3189299
0.0,0.0,0.24316657
0.40682432,0.5159378,0.56968415
0.45472932,0.29707503,0.34779787
0.5180124,0.14700978,0.123679705
0.5971027,0.0013110205,0.0
0.5957029,0.57216394,0.5313844
0.6768733,0.49030587,0.26084632
0.596762,0.6330803,0.2267502
0.5357385,0.71939325,0.3037788
0.77873707,0.639805,0.4797264
0.83376026,0.572148,0.23191993
0.7568641,0.68069035,0.18411712
0.695433,0.7560016,0.23741978
0.55103046,1.0,0.4727447
0.32676777,0.8375002,0.2459686
0.23177455,0.6141742,0.23117447
0.30906907,0.42663062,0.22972126
0.32246062,0.2787232,0.26278827
0.1888029,0.48742232,0.42379078
0.09437132,0.26159552,0.2747
0.039278917,0.12883608,0.20576246
0.0,0.0,0.17779723
0.4040856,0.5035522,0.48634282
0.50377923,0.30719477,0.27779052
0.6158783,0.17753711,0.08838459
0.7153555,0.06270191,0.0
0.58660626,0.55292505,0.50807726
0.7066919,0.5030071,0.31642506
0.6564917,0.650655,0.30994332
0.59610593,0.74094236,0.3697536
0.75582695,0.6086093,0.509264
0.82826227,0.5843109,0.31721574
0.77100253,0.7007067,0.25529116
0.7125564,0.77233565,0.27728677
0.5262961,1.0,0.51671416
0.29030275,0.86092883,0.2929616
0.20761685,0.6496217,0.26528776
0.31588122,0.47946763,0.24050291
0.3632681,0.3417861,0.24525361
0.16536127,0.48039833,0.42794886
0.078721344,0.25520894,0.27678043
0.028037228,0.1275802,0.19871616
0.0,0.0,0.1668532
0.37343362,0.49643546,0.4645797
0.46876758,0.29971415,0.27414238
0.5611418,0.178584,0.095637485
0.6438554,0.06973295,0.0
0.55633783,0.550608,0.45573598
0.6615663,0.51625496,0.23397039
0.5834323,0.66934353,0.19214943
0.5085983,0.7650914,0.23692803
0.7334143,0.6156853,0.42982304
0.7984811,0.5995501,0.20734729
0.7117084,0.7265573,0.13616696
0.6272695,0.806541,0.15102243
0.3983345,1.0,0.6535893
0.1172211,0.82932764,0.59553736
0.014449737,0.6164457,0.5342648
0.122411884,0.46238157,0.43148035
0.26404357,0.35622483,0.33409595
0.12556113,0.45427698,0.6655796
0.051221885,0.244877,0.5179845
0.01932348,0.11853948,0.44233608
0.0,0.0,0.39034778
0.34194303,0.46793416,0.5643922
0.35323375,0.29249227,0.33746698
0.36210388,0.17105658,0.16494612
0.35662383,0.07646883,0.072209105
0.52778894,0.52295196,0.42689562
0.43244943,0.4847627,0.1220231
0.26670286,0.6133572,0.08529196
0.17145468,0.7128436,0.15281737
0.686127,0.6006655,0.28775388
0.57081753,0.5789232,0.040696867
0.40664545,0.6683704,0.0
0.28585732,0.7429362,0.030942243
0.4856272,1.0,0.9271731
0.21153879,0.8429487,0.77999383
0.09209908,0.6332291,0.6962631
0.20289503,0.477068,0.59420455
0.31329736,0.36297634,0.48631257
0.16320384,0.47757962,0.7741678
0.07394529,0.26255584,0.5415519
0.032557152,0.13315411,0.38099393
0.0,0.0,0.26804778
0.38984248,0.48496547,0.716012
0.39993316,0.33119828,0.41182747
0.41603127,0.21978779,0.15951058
0.41559282,0.12897477,0.0
0.58806866,0.5352859,0.62406147
0.5591859,0.5263892,0.32854968
0.4404757,0.6810982,0.3177356
0.3522827,0.8005869,0.37851787
0.7669187,0.6105625,0.5162569
0.7087816,0.6138908,0.26131943
0.5762953,0.73583037,0.2278402
0.47126365,0.83207595,0.26545244
0.70406157,1.0,0.51656437
0.4793973,0.8656475,0.22633544
0.3628761,0.6588686,0.19396633
0.41828543,0.47174168,0.18005691
0.39847225,0.317875,0.20663369
0.26483777,0.4918242,0.4152033
0.13369101,0.26089665,0.26093757
0.06020807,0.12813637,0.18004853
0.0,0.0,0.14983024
0.4710064,0.49243316,0.49281472
0.5068563,0.28599146,0.3075095
0.58236146,0.15299283,0.11444102
0.63978654,0.031110898,0.0
0.6598531,0.53515995,0.52180374
0.778359,0.49012193,0.3025439
0.76667744,0.6500152,0.25964096
0.7205084,0.75427157,0.29990086
0.8418797,0.5892702,0.5310089
0.927454,0.56097674,0.30652496
0.895878,0.6912916,0.24235293
0.84179443,0.7789536,0.25574407
0.38516966,1.0,0.26399708
0.090172105,0.80458194,0.2123052
0.054729685,0.52347547,0.18532583
0.24184766,0.3221256,0.08996317
0.3270062,0.16301388,0.0
0.10129859,0.42263758,0.5533564
0.019805713,0.23905706,0.4447367
0.0,0.11916001,0.34552702
0.018394934,0.0,0.2813542
0.37022963,0.439087,0.48781022
0.4619076,0.25898638,0.29800633
0.49538985,0.17771141,0.10976289
0.59028256,0.07436818,0.052207895
0.60754615,0.50304765,0.38428485
0.5869805,0.40948275,0.121716104
0.42558306,0.5850708,0.09396383
0.42343372,0.64672196,0.20796731
0.8223422,0.5939351,0.27010486
0.74434984,0.4955978,0.08538253
0.6275188,0.6308714,0.0830721
0.6389715,0.6867894,0.16980806
0.3318027,1.0,0.10700016
0.039496925,0.8004684,0.12179192
0.01670598,0.54060495,0.14343055
0.20599492,0.35013154,0.08578257
0.32565427,0.20064104,0.024043929
0.12251238,0.46448576,0.52034515
0.04055462,0.25739938,0.4691331
0.005497644,0.12548193,0.40842065
0.0,0.0,0.3495162
0.3629825,0.48133042,0.43221036
0.42502686,0.2654964,0.32753056
0.4056002,0.16086484,0.19483273
0.44714212,0.045797717,0.14391492
0.57455003,0.54196006,0.30489162
0.4609662,0.40619227,0.0951637
0.32796437,0.5703353,0.033232585
0.3810759,0.641092,0.09127908
0.756329,0.6204411,0.17976476
0.5871812,0.5058122,0.023002038
0.5024021,0.6334781,0.0
0.57318217,0.69841933,0.038514342
0.27689102,1.0,0.11609109
0.0086402735,0.7939634,0.16521832
0.011783722,0.54158145,0.2078185
0.21160218,0.362942,0.15597098
0.34709743,0.22758707,0.091621004
0.13644643,0.46032164,0.59949034
0.052547008,0.25730103,0.5530279
0.0144333625,0.12440889,0.49247664
0.0,0.0,0.43613946
0.3544385,0.4775576,0.4921168
0.41143906,0.25940672,0.4340885
0.37852177,0.14575616,0.3202314
0.407791,0.030901833,0.27064008
0.54731035,0.53295594,0.3381593
0.40678,0.4002356,0.14114408
0.27863124,0.56021994,0.08576257
0.35387033,0.63195217,0.13247326
0.7137281,0.6048854,0.18903671
0.52419895,0.4841761,0.025853174
0.44099995,0.6048603,0.0
0.5245915,0.6744245,0.02408289
0.6002049,1.0,0.19413024
0.23876281,0.8216464,0.15108715
0.11053817,0.572373,0.15752268
0.20099667,0.36639947,0.115073755
0.25157112,0.21669447,0.10092567
0.12963384,0.49075845,0.46820956
0.031576566,0.26451778,0.3903078
0.0029204276,0.1275486,0.3489759
0.0,0.0,0.3313446
0.3800663,0.49608502,0.41414452
0.42939255,0.26347122,0.2476222
0.47564223,0.13243498,0.09706056
0.5496938,9.56503E-4,0.048403006
0.60961795,0.5454858,0.32376784
0.61192983,0.39584473,0.07183079
0.5125458,0.5736204,0.07627843
0.49228093,0.6727216,0.19378507
0.8449605,0.6123353,0.23177464
0.7887899,0.47043228,0.03236884
0.7055507,0.6038865,0.0
0.70032126,0.6904349,0.059855342
0.5471588,1.0,0.19756593
0.18952942,0.8058011,0.1442049
0.07298453,0.5494446,0.14840403
0.17725821,0.3457436,0.095657796
0.21654317,0.19522291,0.06602983
0.10860043,0.46723783,0.50570035
0.01322002,0.25792506,0.4204238
0.0,0.12620892,0.37881857
0.009343647,0.0,0.356266
0.35587117,0.47411528,0.45264512
0.41500458,0.25968057,0.26681724
0.4735613,0.13599318,0.07736659
0.5491991,0.010409624,0.012339993
0.58003694,0.5262174,0.3525558
0.5714504,0.38401362,0.09044839
0.4676651,0.5618342,0.09440003
0.4456161,0.66696024,0.22141422
0.8097794,0.6008347,0.24852575
0.74735224,0.46707126,0.03456372
0.6584387,0.59863913,0.0
0.644686,0.6889123,0.07577953
0.47963277,1.0,0.1528237
0.120577075,0.8150674,0.13217764
0.033363827,0.55734146,0.15636079
0.18562832,0.3602056,0.11058835
0.29561898,0.21519168,0.08095636
0.13232858,0.4670829,0.5119329
0.029494466,0.25680584,0.4520595
4.6790484E-4,0.1246773,0.4145174
0.0,0.0,0.39272824
0.3824026,0.47135517,0.4436299
0.4249463,0.2532294,0.29509395
0.43463382,0.14231269,0.14534995
0.4910099,0.02821981,0.10470839
0.6090542,0.5215006,0.32638666
0.52249527,0.39727545,0.07569199
0.40846658,0.5735025,0.045237947
0.43874818,0.6570504,0.14809652
0.8193128,0.5952823,0.2152421
0.683087,0.48515725,0.019228486
0.5985049,0.6145789,0.0
0.63490736,0.6833025,0.07690736
0.39220348,1.0,0.5817101
0.08388612,0.85477227,0.49426132
0.0,0.6143172,0.5047588
0.1491822,0.4333976,0.48256204
0.27513078,0.32252353,0.46962467
0.15096642,0.47479036,0.78395337
0.09656006,0.2602733,0.7185389
0.08301556,0.13225582,0.63864416
0.12027654,0.027057895,0.58543736
0.3881094,0.4802309,0.72792464
0.4650442,0.2576297,0.61967087
0.49865776,0.11083637,0.4899296
0.56468254,0.0,0.4046182
0.5842853,0.54466945,0.6253108
0.6538228,0.3430024,0.35149398
0.5107357,0.48619002,0.18954797
0.44058165,0.61950684,0.18095073
0.7740396,0.63901854,0.5271181
0.7711896,0.52283084,0.21157016
0.64600885,0.63959557,0.04966636
0.5728729,0.74434245,0.0
0.42592585,1.0,0.704701
0.11470387,0.88217443,0.5680819
0.0,0.651925,0.5482566
0.09876561,0.4698606,0.502976
0.20042714,0.35732302,0.48299998
0.16922285,0.48386237,0.79054433
0.10694707,0.2674993,0.6941151
0.082737304,0.14173155,0.61050373
0.1062548,0.03469555,0.55385435
0.4039275,0.4918079,0.73526925
0.4651294,0.26341307,0.5795278
0.47588986,0.11843486,0.44436285
0.52361685,0.0,0.3547945
0.6014082,0.5617838,0.6323261
0.6515672,0.37435296,0.3140769
0.5065566,0.5276809,0.17145209
0.44139063,0.65054905,0.18776505
0.7853178,0.658945,0.53586066
0.74659556,0.5633488,0.17286332
0.61518157,0.6916242,0.025290156
0.5466806,0.7865816,0.0
0.4374283,1.0,0.6903527
0.11477666,0.8760854,0.52342707
0.0,0.65114737,0.45768386
0.095709525,0.4690747,0.3841389
0.19087347,0.34954897,0.3319812
0.14291078,0.4718264,0.72837865
0.063433364,0.2548246,0.63738316
0.022879895,0.12331305,0.55874014
0.026978297,0.008717013,0.5008152
0.3794245,0.4811952,0.683075
0.41584677,0.25657725,0.5385144
0.40702057,0.11516414,0.41642573
0.43212628,0.0,0.32209507
0.5807015,0.54821867,0.59228635
0.6427759,0.34881833,0.2867348
0.5142955,0.4965797,0.14644098
0.4542637,0.6205209,0.14862773
0.7701523,0.641896,0.5035537
0.7598018,0.5343859,0.16579962
0.6427921,0.65654457,0.030366387
0.58124787,0.7536049,0.0
0.5116911,1.0,0.5147466
0.20827913,0.8741467,0.3221172
0.08177412,0.6511325,0.27708676
0.15235034,0.4490119,0.22137247
0.24448599,0.32085025,0.17705464
0.1343069,0.48716292,0.64998317
0.034678042,0.27526468,0.5937217
0.0,0.13875853,0.52896607
7.9987705E-4,0.015491224,0.48377216
0.3656964,0.47398612,0.6529688
0.3963118,0.25485548,0.55826575
0.40476602,0.108965345,0.45082775
0.42974025,0.0,0.39213064
0.56577265,0.51999587,0.60055417
0.6382556,0.31800812,0.31904638
0.57187057,0.44549987,0.13023055
0.5330452,0.5684683,0.1078003
0.76511914,0.5956654,0.550342
0.81982815,0.47167122,0.22908697
0.75584453,0.56626356,0.052413624
0.7074221,0.6586232,0.0
0.4052905,1.0,0.6010103
0.08309523,0.84540266,0.51046884
0.0,0.6123921,0.55121285
0.16094294,0.43482953,0.5640792
0.295888,0.33244258,0.59751946
0.1204322,0.49335763,0.85957724
0.06413529,0.2776933,0.82508254
0.035987202,0.1422515,0.7682682
0.046111457,0.030997021,0.7376682
0.34455484,0.4945236,0.8160919
0.38140297,0.2696341,0.74544287
0.3873804,0.11663683,0.6453859
0.4185577,0.0,0.580193
0.5449597,0.54524046,0.7206438
0.6115724,0.34013724,0.4419756
0.49811718,0.46490455,0.2316054
0.4372582,0.5916051,0.19282553
0.7449879,0.6184047,0.6342799
0.76901686,0.48866293,0.29751107
0.6699649,0.5893619,0.09130913
0.6037707,0.6968519,0.0
0.39700904,1.0,0.54045177
0.08278222,0.844277,0.478638
0.0,0.60742545,0.515035
0.15429221,0.42779952,0.5133362
0.2954895,0.32639825,0.5215515
0.16872525,0.4870865,0.82508606
0.11594604,0.27341285,0.7876872
0.099976666,0.14125031,0.72313184
0.12634021,0.03462262,0.6843338
0.39367557,0.4897808,0.7660973
0.44754806,0.26650658,0.6979119
0.45507467,0.11491366,0.59488493
0.49231276,0.0,0.5213628
0.586957,0.54696035,0.66056293
0.6472182,0.3344991,0.39943695
0.501096,0.46450198,0.21965532
0.42934832,0.5925747,0.20134188
0.77962756,0.630452,0.56395894
0.77018,0.5000414,0.2517118
0.6467292,0.6065333,0.07082445
0.57473105,0.71511704,0.0
0.3958727,1.0,0.6960731
0.09804632,0.86304414,0.53559744
0.0,0.6442776,0.46584854
0.12661204,0.47459847,0.38970342
0.27935967,0.36525548,0.34772474
0.21552353,0.47368628,0.6818744
0.14724901,0.24969397,0.54433256
0.11268324,0.11982974,0.45024195
0.120068304,0.0,0.3815843
0.45169637,0.4909456,0.6158648
0.48865843,0.25808954,0.41365647
0.47305763,0.11837817,0.25107574
0.49183768,0.0014608218,0.12568499
0.6463008,0.5677357,0.5176548
0.6512532,0.381454,0.1798114
0.47654593,0.5362467,0.094917946
0.40490445,0.6588544,0.14794241
0.81538576,0.6776429,0.41831425
0.7332077,0.57404935,0.0719555
0.5773074,0.6896213,0.0
0.5091662,0.77881044,0.041139472
0.41210452,1.0,0.8109419
0.11727816,0.86968994,0.63485277
0.0,0.6589679,0.5268592
0.0999359,0.4955929,0.41491675
0.22383243,0.38357082,0.3318422
0.20462325,0.4772914,0.69276524
0.10460086,0.2587245,0.48913747
0.049649265,0.12582822,0.34728324
0.035687875,0.0,0.24319752
0.43706706,0.49338153,0.61549
0.413051,0.26256984,0.3380005
0.3671875,0.12878817,0.14063595
0.36062166,0.011757551,0.0
0.63939035,0.56544155,0.5066821
0.60505587,0.4052333,0.13788567
0.45678335,0.56616443,0.082725994
0.405222,0.6854468,0.15354075
0.8164535,0.67126065,0.39381778
0.71580553,0.57495356,0.066762336
0.5670951,0.6867277,0.029750064
0.5058125,0.76925975,0.09269835
0.43665642,1.0,0.799386
0.1471065,0.89649415,0.55269575
0.020970443,0.68041503,0.42234153
0.15207298,0.5070434,0.29447743
0.3355339,0.40241915,0.20684738
0.1962211,0.4774722,0.66084737
0.08341608,0.2615909,0.45201412
0.020877423,0.13071871,0.3205178
0.0,0.006578707,0.22414406
0.44103006,0.48544273,0.61922836
0.40622482,0.26349947,0.3487544
0.35858217,0.12515524,0.1869811
0.35728696,0.0,0.08067632
0.65233785,0.559472,0.53669596
0.62483394,0.41350368,0.12858003
0.47827584,0.58681077,0.09289795
0.42811778,0.70327556,0.1981768
0.83424485,0.66710865,0.4446974
0.71949923,0.5928586,0.0459018
0.5657142,0.7226451,0.0
0.5011777,0.806402,0.08047893
0.41089156,1.0,0.5734698
0.112760216,0.82771254,0.48478857
0.0,0.6009256,0.43135497
0.1356035,0.45345682,0.3369393
0.30606863,0.36075097,0.23196852
0.13661645,0.44609204,0.60672003
0.07111187,0.23778372,0.46235332
0.051345166,0.11748796,0.39332622
0.04388866,0.0,0.3601003
0.35719723,0.46952704,0.5301866
0.39175168,0.31666124,0.2996159
0.42661628,0.21836428,0.10065098
0.44589913,0.14762081,0.0
0.5367549,0.53133595,0.41664314
0.45662898,0.50971425,0.12087875
0.32143936,0.65814126,0.094983995
0.24952139,0.77339935,0.16793062
0.69310707,0.6148238,0.29363212
0.5908807,0.5858211,0.05028999
0.45160776,0.7001873,0.016740376
0.35806295,0.796392,0.055583443
0.7972209,1.0,0.3389991
0.44093576,0.83538985,0.2636303
0.28757295,0.6240775,0.2650425
0.36062983,0.44745737,0.22828506
0.44068676,0.31316334,0.18714295
0.26238525,0.47530395,0.48922217
0.13239157,0.25052708,0.36224815
0.06364435,0.12251393,0.31339487
0.0,0.0,0.31564984
0.5008313,0.4750415,0.4443932
0.55926454,0.27554655,0.24193062
0.6311159,0.13850679,0.065589905
0.6879438,0.02573131,0.0
0.7112753,0.51474273,0.35322386
0.72806406,0.45175263,0.10809052
0.64942557,0.61547244,0.08994234
0.5972238,0.73712844,0.17266002
0.9148734,0.57461077,0.25504932
0.8991127,0.5085496,0.047864743
0.8156393,0.6303414,0.0020691257
0.7525847,0.7333642,0.03385079
0.69650936,1.0,0.37613624
0.39491937,0.8357888,0.25227436
0.25318983,0.60713905,0.24945536
0.3354281,0.42667547,0.21419947
0.422613,0.3009012,0.16878992
0.21026161,0.47150669,0.47991762
0.09922367,0.24891266,0.3417676
0.047625866,0.121747814,0.2858475
0.0,0.0,0.26643494
0.4346219,0.48064405,0.45839223
0.52704823,0.29255328,0.27309555
0.62280095,0.16296807,0.09113153
0.68882936,0.06126939,0.0
0.6335841,0.5298697,0.3941057
0.7056201,0.47671014,0.16944817
0.64721215,0.63370925,0.16174144
0.5943067,0.7536756,0.22105631
0.8157942,0.5960255,0.31344533
0.8511469,0.5448305,0.09788474
0.78983057,0.672333,0.052504413
0.73706937,0.777362,0.08273444
0.58043474,1.0,0.55634326
0.26243675,0.83660597,0.44325405
0.14293046,0.60910434,0.3975999
0.26491237,0.4434343,0.31595522
0.39314443,0.32588857,0.2367157
0.1892138,0.45953602,0.6144423
0.087172806,0.24542841,0.44619387
0.039754692,0.1220489,0.3777001
0.0,0.0,0.35070843
0.42382896,0.47249153,0.5473966
0.48239398,0.3131346,0.28821233
0.54534245,0.2012619,0.091308825
0.58828694,0.11086043,0.0
0.6224665,0.5272923,0.43600696
0.600589,0.49869442,0.122062474
0.48911873,0.6590184,0.12962513
0.4233077,0.7830102,0.2362981
0.8015486,0.60353184,0.3115886
0.7447747,0.5676403,0.04589198
0.6273863,0.69582224,0.017580284
0.5454142,0.804212,0.07488461
0.5048156,1.0,0.52642083
0.19499776,0.844429,0.44088906
0.074808426,0.61716354,0.39935482
0.20109397,0.45579514,0.31847835
0.36059275,0.34900197,0.23553725
0.17196144,0.46083778,0.59842515
0.07234492,0.24797949,0.44487292
0.03174904,0.12126474,0.37492248
0.0,0.0,0.33394364
0.40185344,0.4682645,0.5173707
0.43688682,0.30779442,0.30478257
0.48406565,0.19843106,0.12876822
0.5172304,0.11138084,0.03948881
0.59466505,0.5209827,0.39330536
0.50688493,0.50698495,0.10366344
0.38557923,0.665953,0.10423059
0.33074164,0.78208745,0.19693124
0.75949913,0.5978034,0.25756866
0.63636273,0.58267075,0.019749174
0.5140119,0.7051102,0.0
0.44059694,0.8003249,0.057346404
0.54021513,1.0,0.68370533
0.22743016,0.8366249,0.59175575
0.091439955,0.61705166,0.5022828
0.20152839,0.46315688,0.37507492
0.34908304,0.35177243,0.2491865
0.18405616,0.44946536,0.63419664
0.077087685,0.24326916,0.44551814
0.033715818,0.12150032,0.35264516
0.0,0.0,0.2937641
0.42838967,0.4631099,0.53930336
0.45325232,0.31519303,0.2872987
0.48459318,0.22411786,0.10364371
0.49897057,0.15312134,0.0
0.627548,0.5253908,0.40891212
0.52776414,0.51871103,0.120530054
0.39873585,0.6700365,0.13815047
0.34089532,0.77547467,0.22516052
0.79162973,0.6143553,0.2668277
0.65895396,0.6132145,0.036608763
0.528138,0.7323003,0.014259665
0.4536801,0.8212313,0.05143399
0.6053765,1.0,0.5370748
0.2858934,0.85269165,0.4194609
0.15323636,0.6266187,0.3862053
0.25363797,0.45341212,0.31480867
0.3758071,0.3307868,0.24295196
0.18699564,0.47702268,0.58431804
0.09020263,0.2567908,0.4020572
0.041293927,0.12544584,0.30859295
0.0,0.0,0.26907077
0.41367677,0.4851285,0.5314202
0.4679581,0.311456,0.29543352
0.54499793,0.19015901,0.0961919
0.6077092,0.092837,0.0
0.6135168,0.53091705,0.4337253
0.6223664,0.49848676,0.15603101
0.5325831,0.6542874,0.15110064
0.4716326,0.76907974,0.23328437
0.803446,0.5975452,0.32614592
0.7682263,0.55643976,0.08449868
0.6649127,0.6812776,0.05599752
0.58601236,0.7813615,0.10705048
0.43395492,1.0,0.5535736
0.15018457,0.8943109,0.33020967
0.049005102,0.689795,0.24234954
0.13644853,0.50921017,0.1465218
0.20008868,0.38422474,0.05496077
0.13784885,0.4859408,0.6062025
0.049928926,0.28859624,0.5275748
0.0045729447,0.16337083,0.4516291
0.0,0.05033878,0.40558636
0.355066,0.47375757,0.60108316
0.35752806,0.2554404,0.51616186
0.33851627,0.11799518,0.38877133
0.34423658,0.0,0.30032328
0.54689306,0.5141713,0.54370004
0.5888879,0.32790905,0.2890489
0.52145,0.45021218,0.100319766
0.48601598,0.56450236,0.04845766
0.7499781,0.5838237,0.47934195
0.7856738,0.4367432,0.2180062
0.7102746,0.5085769,0.06478833
0.6601272,0.6003441,0.0
0.40945303,1.0,0.60601604
0.119346395,0.8910083,0.39388302
2.0569329E-4,0.6976867,0.28070304
0.05713937,0.52387184,0.16270906
0.10790709,0.39591414,0.045245983
0.10507466,0.47736272,0.61949265
0.03573182,0.27568844,0.53994346
0.0,0.14992908,0.4604727
0.0044444995,0.03963484,0.4125044
0.31897724,0.47252724,0.6046069
0.33917987,0.24928111,0.50182366
0.321224,0.11390711,0.36637917
0.32608545,0.0,0.2733875
0.5082513,0.5175237,0.5446393
0.5475757,0.33602682,0.276384
0.46052945,0.46406072,0.08005913
0.41363797,0.58341396,0.029375771
0.7100357,0.58977425,0.48169664
0.7352405,0.4461816,0.21948001
0.64153004,0.5224618,0.06343645
0.57806325,0.61706567,0.0
0.38352028,1.0,0.68405396
0.13383305,0.89737755,0.39168042
0.051042087,0.70007163,0.2650342
0.11449274,0.5143025,0.14100695
0.10886223,0.3737635,0.0
0.13049278,0.48627192,0.66064495
0.039330453,0.28399062,0.56297493
0.004988081,0.15122496,0.4710192
0.0,0.02789303,0.41595516
0.34646106,0.47427508,0.6868676
0.35028183,0.2608851,0.580237
0.35963786,0.11987809,0.43418178
0.377029,0.0,0.34430006
0.5338968,0.51654667,0.65423435
0.61012936,0.33458117,0.37006825
0.59560335,0.44581696,0.13011731
0.5646249,0.55687654,0.05011166
0.724534,0.5886071,0.6168694
0.811601,0.45226577,0.30733517
0.78096503,0.5148367,0.11034541
0.7312524,0.60159594,0.027503261
0.5307446,1.0,0.62995017
0.2611311,0.9008333,0.35205427
0.13979352,0.705934,0.23426165
0.18054868,0.511953,0.122352116
0.17973523,0.3732483,0.0
0.19479093,0.5054178,0.61306065
0.08246859,0.30057672,0.5357936
0.025148477,0.16803263,0.4552451
0.0,0.042546306,0.39522865
0.40880916,0.48508748,0.64248914
0.37955722,0.2670401,0.5499496
0.3523277,0.124613404,0.41363922
0.34169835,0.0,0.32098338
0.60238165,0.51779515,0.6177839
0.6378079,0.3190274,0.35952094
0.6245362,0.40888518,0.13267255
0.6088662,0.509906,0.052265186
0.80162394,0.5807695,0.58196694
0.860906,0.42897227,0.2903288
0.83624554,0.4759708,0.09539777
0.8006881,0.5582378,0.0105901
0.64347315,1.0,0.42733726
0.34247762,0.8174246,0.34918806
0.22267619,0.59374636,0.3658755
0.2801017,0.4107527,0.32755357
0.2972532,0.26440078,0.30328485
0.25104344,0.4977553,0.6269254
0.11198492,0.28762844,0.53806126
0.043925818,0.14911273,0.47227076
0.0,0.01743495,0.4336382
0.47729653,0.4955862,0.57338625
0.4718601,0.27824846,0.37120056
0.48880515,0.13378966,0.13913353
0.51665014,0.0,0.0
0.6835631,0.53979117,0.4796519
0.6525722,0.42574635,0.17159389
0.5590838,0.590549,0.08826891
0.51795644,0.71409,0.15147811
0.895781,0.606324,0.38905033
0.83923185,0.49902692,0.11739318
0.7350427,0.61664605,0.04675975
0.6828742,0.7199052,0.081491455
0.58967173,1.0,0.4942075
0.27993938,0.8276493,0.3842971
0.18191,0.58774203,0.39312014
0.2842798,0.40099394,0.3547943
0.32813057,0.25682378,0.33014545
0.229156,0.4871019,0.6808864
0.101218276,0.2736051,0.5550868
0.039907884,0.13746113,0.4598074
0.0,0.002408155,0.38856763
0.46031043,0.4881153,0.62606126
0.46687528,0.28059587,0.41482663
0.49232772,0.13896722,0.1601144
0.5335976,0.0,0.0
0.674975,0.5340896,0.5233768
0.61992425,0.451316,0.18704164
0.51758164,0.6164879,0.11363712
0.4812404,0.73117995,0.18678276
0.8856034,0.60012597,0.42045453
0.7886844,0.5198836,0.11907373
0.6740306,0.6407501,0.06434262
0.61607146,0.73671126,0.12255271
0.60747796,1.0,0.5056446
0.30001777,0.8318587,0.40815794
0.17544787,0.5909384,0.4222011
0.24262968,0.39893514,0.38153276
0.23501629,0.24538946,0.35697138
0.18467994,0.49344218,0.6945145
0.063721925,0.28647137,0.5798963
0.017113803,0.15059151,0.48384023
0.0,0.018885797,0.42771012
0.411168,0.4905791,0.6383235
0.42914698,0.27859786,0.42261922
0.47526157,0.13609746,0.15354921
0.53549397,0.0,0.0
0.62102324,0.53400797,0.5400686
0.6232566,0.43169412,0.22560951
0.5311959,0.59685594,0.1566575
0.48498088,0.7132563,0.23134936
0.84169376,0.60074013,0.4408187
0.8107798,0.5016346,0.15870976
0.70856917,0.6252211,0.09747361
0.6495709,0.72404027,0.1529638
0.56032515,1.0,0.61454964
0.25349376,0.8559459,0.44978553
0.11907293,0.61245036,0.4223006
0.20166202,0.4169299,0.36152175
0.21183676,0.2675083,0.32846475
0.09409087,0.50960946,0.6683264
0.013101639,0.29222643,0.533742
0.0,0.15421687,0.45131668
0.009274677,0.02055938,0.4141094
0.33114874,0.5123233,0.6421572
0.37293556,0.28726554,0.38569686
0.448416,0.13798127,0.12752208
0.54277855,0.0,0.0
0.5489184,0.55062634,0.5752771
0.6088899,0.4329001,0.23178333
0.54126674,0.6170581,0.18615533
0.49957538,0.749325,0.29118448
0.77710634,0.60765004,0.5016452
0.79061234,0.5022129,0.20008314
0.71830726,0.6451772,0.1457148
0.66616106,0.75195235,0.22392352
0.53670686,1.0,0.6521388
0.21506624,0.83953315,0.49794218
0.09299218,0.5878907,0.48364136
0.18704824,0.39191028,0.4341302
0.20438789,0.24322186,0.39875177
0.09461411,0.4841469,0.74456733
0.011632022,0.2744181,0.60561544
0.0,0.14274247,0.50317866
0.011212107,0.018114725,0.45436734
0.33358735,0.4907541,0.7131201
0.39109072,0.27878094,0.45396438
0.47045287,0.13265371,0.15511419
0.55507946,0.0,0.0
0.5496347,0.5385859,0.6406133
0.59304744,0.43251094,0.30453315
0.50276005,0.6115137,0.2379991
0.4460576,0.7421035,0.32687634
0.7729849,0.60973585,0.5597133
0.7760642,0.52030975,0.2441777
0.68506664,0.6594414,0.17244852
0.6171608,0.7643982,0.24068427
0.56947535,1.0,0.4710435
0.24556364,0.83204997,0.36645666
0.12028388,0.5904057,0.37505713
0.19834286,0.39818263,0.33654192
0.21285547,0.24849586,0.32508853
0.12806521,0.48372936,0.6595407
0.028023731,0.27236363,0.5479089
0.0,0.13939884,0.46329728
0.0031483816,0.014761865,0.42734224
0.36154357,0.48438066,0.6126071
0.39108482,0.26969844,0.39056152
0.4474125,0.12795892,0.12908106
0.5167592,0.0,0.0
0.575924,0.5290061,0.52106375
0.58598065,0.41613695,0.20832106
0.4918187,0.5832325,0.13857265
0.44155988,0.70486516,0.22563963
0.7990991,0.5982552,0.43074772
0.773973,0.49377817,0.14637965
0.6730747,0.6168396,0.08383504
0.6100308,0.71958613,0.14776945
0.75978804,1.0,0.19774415
0.3884916,0.8311513,0.14206879
0.2124577,0.6038955,0.16805996
0.2449355,0.4023817,0.1374806
0.2354626,0.2518079,0.1398457
0.17403542,0.5204622,0.49688387
0.06588102,0.29670888,0.4449124
0.022950524,0.15953997,0.4169425
0.0,0.022700477,0.40877545
0.41078,0.5111182,0.453382
0.4137213,0.27726626,0.29392964
0.45484272,0.13113092,0.09013609
0.505486,0.0,0.0
0.6346387,0.5421355,0.36576715
0.6460908,0.3880638,0.121355064
0.6056203,0.55627036,0.08213372
0.5857476,0.67985135,0.17259933
0.87365496,0.5921735,0.2834099
0.8500033,0.46485734,0.0607144
0.78616095,0.5889972,0.0039326544
0.74687535,0.6921734,0.06289264
0.55492777,1.0,0.5342186
0.2443081,0.8596237,0.30757824
0.10690399,0.6328319,0.2821527
0.19087891,0.43945637,0.259266
0.2193683,0.29427573,0.24957776
0.0,0.52000004,0.5482556
0.016329871,0.2936525,0.41827297
0.05500237,0.1421408,0.3203136
0.09929567,0.0044267005,0.2641436
0.2442963,0.5291837,0.5948888
0.33543956,0.2967023,0.36489233
0.45477363,0.14357045,0.120171085
0.5620092,0.0,0.0
0.4662752,0.5682488,0.6006931
0.5942411,0.42755294,0.30932185
0.5464299,0.61159587,0.29461432
0.487402,0.7338783,0.4034771
0.68705785,0.616504,0.5855116
0.77191484,0.52293634,0.27918342
0.7119105,0.6668335,0.20791435
0.6369397,0.76460296,0.27464285
0.29522917,1.0,0.5806836
0.03028496,0.820464,0.41817498
0.0,0.5626877,0.4178756
0.17207202,0.3803548,0.38214386
0.24725755,0.23721506,0.34132484
0.03823004,0.46030056,0.7481613
0.039625283,0.25403324,0.6176001
0.080640465,0.12122261,0.5012052
0.13611533,0.0,0.4305874
0.26649085,0.48774672,0.7290345
0.41007787,0.29973006,0.4744244
0.54786956,0.16503748,0.15970524
0.6788223,0.048525486,0.0
0.46311468,0.5499364,0.6660553
0.53979874,0.47501868,0.3208002
0.39417064,0.64430875,0.22174369
0.2934775,0.77191705,0.29879698
0.66018623,0.63527465,0.59297657
0.6728219,0.56641847,0.26852846
0.5327222,0.7002885,0.16943572
0.4252109,0.8008727,0.22650903
0.30805507,1.0,0.6435234
0.03018215,0.8136747,0.46854237
0.0,0.55385077,0.4664057
0.1733895,0.3681483,0.424596
0.23073755,0.21822102,0.3767964
0.043657474,0.44712204,0.779925
0.005941454,0.2541271,0.64901084
0.02106301,0.12682192,0.52813375
0.06031534,0.0,0.4356861
0.2831175,0.46030265,0.7567083
0.37677974,0.28500542,0.5143941
0.48225987,0.15775557,0.19013493
0.5861844,0.042254414,0.0
0.49994302,0.5150895,0.6896349
0.5238831,0.46350288,0.3342044
0.3816615,0.6363072,0.23173626
0.28440067,0.7684404,0.300913
0.7152534,0.60198045,0.6140074
0.6852854,0.5463539,0.28771377
0.5435019,0.6779722,0.20243108
0.43955687,0.7794758,0.26325148
0.24091269,1.0,0.7966536
0.0,0.79370236,0.63143736
0.038625784,0.5327722,0.5717877
0.26863647,0.36614463,0.4820236
0.42832932,0.23096171,0.40224224
0.21245639,0.4223,0.84901273
0.21411717,0.2392305,0.6883647
0.23776731,0.122278824,0.54598045
0.28038314,0.0,0.40151247
0.45873967,0.46055543,0.79277396
0.52174485,0.33398783,0.5134921
0.5867445,0.23108234,0.20406654
0.6501939,0.13607757,0.0
0.6648055,0.539015,0.6912959
0.5608051,0.5131575,0.3172297
0.3054385,0.64664817,0.25161263
0.16047436,0.74228853,0.32878035
0.8108141,0.65056765,0.57386476
0.6778548,0.62657005,0.23414798
0.4481248,0.72101593,0.16870043
0.29835498,0.78764874,0.22518952
0.5791596,1.0,0.53399986
0.2427792,0.8534295,0.391309
0.1398931,0.5965239,0.3913614
0.2803769,0.39475948,0.35945994
0.3554578,0.24187009,0.3348951
0.25920388,0.46121532,0.6782426
0.1246483,0.25802153,0.5513807
0.05542128,0.13133246,0.4503743
0.0,0.0,0.35420415
0.50767034,0.45341888,0.6163116
0.4584192,0.26957163,0.4153673
0.4503332,0.13310742,0.17145799
0.45687425,0.0059311814,0.0
0.74652565,0.4944944,0.50619173
0.58170044,0.45432705,0.14730614
0.45852298,0.6348711,0.076262645
0.41949448,0.7625128,0.14357616
0.95350975,0.5621281,0.3835878
0.75610864,0.5384422,0.059616387
0.62710285,0.6803504,0.010657134
0.57252026,0.7849509,0.07845688
0.44032055,1.0,0.5372109
0.12566234,0.8853043,0.50567347
0.04784184,0.647626,0.538503
0.21051455,0.46295142,0.5289038
0.33765134,0.322843,0.55103934
0.2696847,0.49318385,0.7955893
0.122748084,0.28158635,0.68801713
0.04764101,0.15365289,0.6166663
0.0,0.025612522,0.5325406
0.50321734,0.49026677,0.66740716
0.384127,0.2736259,0.50405335
0.31785268,0.124790035,0.3282864
0.28417763,0.0,0.20355865
0.7179972,0.5326604,0.48748624
0.4049857,0.46048364,0.13174328
0.2739622,0.64263105,0.08939465
0.2660204,0.78308356,0.17015901
0.8756,0.5945423,0.30144617
0.56399536,0.54909384,0.00896331
0.42388353,0.6870375,0.0
0.39432707,0.80355346,0.08736167
0.46998492,1.0,0.53711224
0.1563118,0.8875705,0.5092346
0.06582479,0.65765315,0.5421322
0.2132665,0.47254908,0.5295523
0.34645,0.33549693,0.54061794
0.269323,0.5018363,0.7947369
0.13085383,0.29309753,0.6852418
0.054900464,0.16597852,0.60164034
0.0,0.04043626,0.51281273
0.5007648,0.49350724,0.66720515
0.40690643,0.27920958,0.5024439
0.35790128,0.12648526,0.31464154
0.33523607,0.0,0.17220353
0.7190076,0.53271633,0.4911143
0.4351352,0.46146968,0.155097
0.31235203,0.63651234,0.10859954
0.3004412,0.7745091,0.17793521
0.8836173,0.5932215,0.31022292
0.5842718,0.5538502,0.024370268
0.4443368,0.6860903,0.0
0.4019333,0.79857165,0.0703708
0.9570441,0.9023845,0.2841305
0.5499575,0.7707384,0.2787208
0.34218577,0.5848646,0.2783944
0.34234998,0.40163058,0.22509508
0.36677086,0.2607799,0.18558513
0.33669457,0.4952667,0.5603571
0.14695893,0.2973645,0.49927986
0.061738715,0.17203686,0.4838876
0.0,0.051794108,0.48043323
0.5591836,0.46205223,0.47946042
0.49291205,0.24748264,0.33686692
0.47436002,0.112942554,0.2042688
0.47817174,0.0,0.15444814
0.77165294,0.47355133,0.36019096
0.70058966,0.33329278,0.10980448
0.67013603,0.4975918,0.0721506
0.6838745,0.62775373,0.16602069
1.0,0.5076572,0.24599068
0.8996236,0.38572162,0.04308998
0.84801316,0.50106263,0.0
0.83843017,0.6082471,0.052671842
0.86058205,0.9935474,0.47329056
0.47553676,0.8615889,0.39179453
0.27711955,0.63921976,0.38254672
0.31908762,0.4431713,0.33447495
0.3579784,0.30062115,0.30669963
0.30200943,0.53269684,0.62099504
0.13728319,0.3153362,0.4924465
0.055354685,0.17683198,0.42530867
0.0,0.044730626,0.40311328
0.5436611,0.5158185,0.5567486
0.5087326,0.2909081,0.32045552
0.5098381,0.1376851,0.10142807
0.5382842,0.0,0.0
0.7657615,0.54521036,0.4542609
0.7225735,0.4161884,0.122528255
0.64522195,0.59461474,0.08272101
0.627475,0.7270509,0.19322526
1.0,0.5973421,0.34626696
0.922704,0.48735797,0.06703605
0.84054697,0.6207214,0.019043386
0.8048337,0.7307023,0.08169429
0.6747613,1.0,0.9577679
0.30139798,0.8454634,0.7343203
0.14977878,0.5909273,0.6542758
0.24356471,0.38261664,0.56153005
0.28159085,0.21725062,0.44234592
0.1765304,0.41546166,0.91624546
0.067405984,0.25068215,0.70964104
0.02491227,0.12686603,0.5085872
0.0,0.0,0.34641913
0.44429225,0.39595202,0.8957952
0.46209744,0.2533117,0.5881951
0.5072251,0.13376571,0.22779715
0.5464987,0.030183842,0.0
0.7004998,0.4265159,0.8401156
0.7107226,0.40969443,0.48873463
0.60394675,0.61125565,0.40570933
0.52564913,0.75710106,0.47651973
0.94458663,0.5125662,0.76791734
0.9094062,0.50732446,0.40887102
0.80400157,0.66726136,0.32815644
0.7071716,0.77908665,0.3851261
0.37295502,0.6465721,1.0
0.12270563,0.5399804,0.76595443
0.033757634,0.3641478,0.63614386
0.10909223,0.22978756,0.504551
0.12481337,0.11135423,0.34199774
0.04005433,0.24426565,0.8337776
0.0041092667,0.14888453,0.5867859
0.0,0.07619745,0.3825693
0.00417072,0.0,0.23205462
0.23064096,0.23515975,0.8446965
0.28670287,0.16056009,0.5129733
0.33859694,0.09586125,0.19386685
0.38917136,0.02971339,0.0
0.405177,0.25255674,0.82983536
0.45339555,0.25669426,0.50425255
0.3623011,0.40759286,0.504546
0.28727147,0.5049451,0.6066594
0.56973094,0.3082253,0.79613
0.57601905,0.3262486,0.5014957
0.4975051,0.44747365,0.47311914
0.42087933,0.5193591,0.55218786
0.45101503,0.994046,1.0
0.1381028,0.91489285,0.6113241
0.024585394,0.65148985,0.5388566
0.14579327,0.42958745,0.4992827
0.19117709,0.27808437,0.46178043
0.0,0.5247755,0.8269892
0.027745392,0.3094427,0.5610978
0.07065183,0.15323429,0.37783152
0.124174066,0.013979677,0.26046336
0.2557964,0.52278346,0.90309095
0.40430993,0.3165442,0.5268627
0.5464065,0.15074104,0.18820183
0.68019485,0.0,0.0
0.4790749,0.55810064,0.930433
0.61621326,0.4467422,0.4226601
0.528361,0.66378176,0.36621457
0.44506544,0.8246416,0.5052113
0.69744015,0.6070308,0.93301797
0.7592655,0.55321544,0.43769056
0.67220426,0.7245582,0.32866475
0.5774165,0.8413944,0.40307984
0.46681783,1.0,0.77158743
0.15100472,0.89622355,0.44487008
0.032693513,0.6456232,0.38056552
0.15061575,0.4306007,0.32722688
0.19507435,0.29116824,0.27384582
0.0,0.50540406,0.72597027
0.028419353,0.29783043,0.5415791
0.07532333,0.15494621,0.41106614
0.1376456,0.024873871,0.33470964
0.24258302,0.5032282,0.77878493
0.3652316,0.29386327,0.4769842
0.49275526,0.13802224,0.16874553
0.6156398,0.0,0.0
0.4564016,0.5391232,0.7806967
0.599398,0.42613697,0.35343337
0.5323172,0.6365486,0.26884612
0.466528,0.7856596,0.37648463
0.6739178,0.59570843,0.7644473
0.7596542,0.52745664,0.3269358
0.6859134,0.6943618,0.20577534
0.59483534,0.80327415,0.26338488
0.606296,1.0,0.6222105
0.2598355,0.8996337,0.41555515
0.08939239,0.65553564,0.38250273
0.1542373,0.44077763,0.33183655
0.17017192,0.2900333,0.31079668
0.064313196,0.55017275,0.62600404
0.009909293,0.3228336,0.4807721
0.0,0.16684225,0.38883612
0.0146521395,0.024706101,0.34903315
0.31236213,0.5450355,0.62910026
0.34187505,0.31497326,0.36616445
0.40973604,0.15248606,0.11963777
0.49187762,0.0,0.0
0.5407901,0.57850087,0.59506965
0.60549784,0.4456042,0.22555262
0.5725055,0.64110357,0.17935838
0.5469461,0.7786489,0.2924204
0.7770966,0.62368417,0.55370456
0.7948,0.5226136,0.21359402
0.7475078,0.6776844,0.15257375
0.70537704,0.7867016,0.23585787
0.7240204,1.0,0.3914654
0.3346428,0.85179824,0.33312574
0.14638463,0.62026614,0.35225242
0.18370363,0.4221182,0.3221641
0.21498367,0.27873176,0.30620295
0.17552927,0.53366685,0.60733926
0.05167825,0.32131743,0.50091493
0.010541641,0.17041422,0.41195294
0.0,0.03168539,0.36255282
0.41719338,0.52718467,0.5453929
0.4107165,0.3030343,0.33202237
0.4403401,0.14506067,0.10912475
0.48942107,0.0,0.0
0.64256597,0.56752664,0.44944635
0.6310086,0.42216867,0.1519585
0.5552784,0.5952496,0.10437131
0.52904195,0.7226133,0.19675764
0.87832135,0.6269172,0.34693775
0.8252599,0.5139699,0.08375721
0.7458311,0.6475034,0.013828392
0.70716447,0.75301445,0.07308176
0.5275049,1.0,0.60024136
0.2761957,0.80971867,0.5275832
0.19492023,0.5908196,0.51347077
0.27349532,0.42748627,0.45247123
0.306186,0.28449696,0.39124373
0.2083437,0.45937648,0.6781846
0.08763996,0.25241572,0.50307655
0.030465288,0.12592757,0.39658722
0.0,0.0,0.33094373
0.42380136,0.47829905,0.6041975
0.48901537,0.29456434,0.35008898
0.5597236,0.1669141,0.12503643
0.6300058,0.05215346,0.0
0.6069507,0.5372208,0.49323785
0.5814928,0.49232495,0.19777842
0.46273696,0.6318211,0.17092627
0.39495927,0.72926044,0.24340993
0.7756076,0.6128947,0.38003382
0.7200902,0.57107824,0.12355397
0.6023741,0.67418134,0.08126251
0.5226535,0.75646055,0.12027937
0.5210295,1.0,0.62099826
0.24599391,0.83581674,0.58382785
0.188808,0.6116011,0.57251436
0.32013443,0.44571352,0.5000593
0.40555158,0.31129095,0.43577036
0.2821852,0.45924088,0.6553105
0.13551036,0.25301495,0.4970162
0.051904444,0.122310914,0.40340617
0.0,0.0,0.3165626
0.5062933,0.46514952,0.54284775
0.47016773,0.2716249,0.30783203
0.4650138,0.13653792,0.119128175
0.48028806,0.030406913,0.0
0.702903,0.5099416,0.4009526
0.45852363,0.4996841,0.1088551
0.2996694,0.64120156,0.094046764
0.25890434,0.7466119,0.15804785
0.84485143,0.5781884,0.2506782
0.5995988,0.59813607,0.02628541
0.4632481,0.70774686,0.012713555
0.41755757,0.78681624,0.06524401
0.47272566,1.0,0.7313185
0.18677351,0.85693914,0.79146016
0.12657887,0.64153534,0.7422696
0.23119688,0.47329667,0.61940247
0.32177714,0.33965975,0.52098614
0.29362962,0.4719463,0.7470386
0.11781366,0.26147848,0.64050895
0.035971355,0.12436902,0.5947636
0.0,0.0,0.53380835
0.5097098,0.46714145,0.55762285
0.35404396,0.25957286,0.36605763
0.30396613,0.11057836,0.21056503
0.2801122,1.4012781E-5,0.10584275
0.6806046,0.5169375,0.36442378
0.24837622,0.50572366,0.10866611
0.085043564,0.6535128,0.106071495
0.06801311,0.76431227,0.17906785
0.76415753,0.5994137,0.16915682
0.37443432,0.6286442,0.0
0.24730566,0.7417688,0.021417715
0.22946258,0.8316314,0.09103863
0.67661387,1.0,0.7658471
0.3879023,0.8520266,0.6669592
0.27965882,0.62436265,0.643098
0.33784366,0.4398239,0.5780832
0.3495272,0.28484908,0.5244854
0.2916555,0.4913616,0.78088003
0.13837403,0.2910521,0.5972768
0.059224483,0.16403362,0.441172
0.0,0.037369207,0.3199676
0.51991284,0.4952766,0.7062399
0.523937,0.29722446,0.43749616
0.5494078,0.14119855,0.17724742
0.5809785,0.0,0.0
0.73695606,0.5443867,0.5936926
0.6644058,0.48629493,0.2300306
0.55064034,0.6251962,0.17540501
0.48667607,0.7307541,0.24610375
0.9336894,0.61053896,0.48343486
0.8227197,0.5605891,0.14937301
0.68762416,0.6691299,0.10124149
0.5957835,0.7611255,0.16504033
0.7351099,1.0,0.5760156
0.44307512,0.8557125,0.5213576
0.3191106,0.6384224,0.5214427
0.39338052,0.46065104,0.46828508
0.45087424,0.31399995,0.42259732
0.36028364,0.5024626,0.6630857
0.18295085,0.28769404,0.5144141
0.07672245,0.14895533,0.42944014
0.0,0.025728073,0.3611594
0.5833378,0.48919633,0.570134
0.53845805,0.27890128,0.3356704
0.52852786,0.12687628,0.13608739
0.5463363,0.0,0.01800952
0.79085743,0.52290154,0.4393193
0.6450778,0.48656505,0.119067185
0.53281575,0.6479456,0.08907466
0.50727934,0.75879407,0.16150272
0.9734808,0.5769564,0.30842507
0.8003974,0.56582206,0.03403827
0.6891932,0.68855304,0.0
0.64402837,0.778832,0.05191207
0.67877626,1.0,0.7273466
0.38515413,0.8645897,0.6641659
0.28271067,0.633235,0.6511305
0.36457852,0.45279834,0.593921
0.39461175,0.30206263,0.5385041
0.36942172,0.48505986,0.7195902
0.17997633,0.28328374,0.5564045
0.07583988,0.1550927,0.43782002
0.0,0.032713283,0.32822445
0.5983317,0.47300372,0.609012
0.504746,0.27945858,0.37152407
0.46469575,0.13270421,0.1578525
0.4526737,0.0,0.0
0.8124057,0.50945085,0.47277552
0.5492887,0.5059984,0.14810213
0.4245823,0.6636403,0.116537176
0.40360677,0.77113706,0.17977639
0.9707864,0.57181364,0.32749534
0.7015322,0.5958316,0.05913423
0.585612,0.7187905,0.040214807
0.55149615,0.80856216,0.099351645
0.67071,1.0,0.64895964
0.38940787,0.8658415,0.49005643
0.25669995,0.6397426,0.45329902
0.32311696,0.44817424,0.40083125
0.34010223,0.29389924,0.3555449
0.22893187,0.5028773,0.61122036
0.0990985,0.27865297,0.4082439
0.037545845,0.13769574,0.28527272
0.0,0.0,0.21950288
0.46039858,0.5018825,0.5931567
0.49574012,0.30122256,0.3309785
0.55770105,0.15471022,0.10430126
0.6281038,0.02763584,0.0
0.66522586,0.5446878,0.5372029
0.6832213,0.4905636,0.25521338
0.61079824,0.64787626,0.25644535
0.56909084,0.75817764,0.3517604
0.8606241,0.60442096,0.46455076
0.8288917,0.5641752,0.2087236
0.7469396,0.6910179,0.17221506
0.6944216,0.7884274,0.2370678
0.6550544,1.0,0.45436648
0.36881506,0.8498358,0.27747026
0.22436123,0.6285925,0.2491681
0.26667672,0.4426847,0.21071735
0.27894604,0.28851923,0.17700484
0.15516517,0.507046,0.456155
0.0629495,0.27704778,0.3173626
0.018597191,0.13263434,0.2378809
0.0,0.0,0.20041734
0.38892666,0.52193004,0.48021963
0.46190587,0.29921797,0.2764175
0.5543868,0.15400656,0.07665625
0.64275545,0.026760822,0.0
0.5932682,0.5697841,0.46981272
0.65906495,0.4659452,0.24547312
0.6047614,0.63649434,0.24964036
0.5603137,0.756551,0.34320194
0.78664243,0.6259708,0.4358805
0.8070076,0.54349524,0.20489286
0.75295585,0.67769074,0.14996685
0.7013112,0.7818337,0.20257948
0.5430497,1.0,0.4752999
0.27261358,0.85173357,0.3043101
0.15410215,0.63352686,0.25786185
0.21671104,0.45291907,0.20389655
0.24643327,0.30448687,0.15034853
0.08218831,0.5078053,0.4233449
0.020761548,0.27788728,0.2656457
0.0,0.13089818,0.19334438
0.0047101798,0.0,0.16711795
0.31404048,0.52616054,0.43630445
0.39070073,0.30758402,0.2204137
0.49004504,0.16403979,0.053277344
0.5910739,0.040645115,0.0
0.5159642,0.58254236,0.4169616
0.5946199,0.47632498,0.18159027
0.53383094,0.6368595,0.21361275
0.48731214,0.7502357,0.32507178
0.7038843,0.65015614,0.37352332
0.7331101,0.5773024,0.13576329
0.67082375,0.70521635,0.08623802
0.61654675,0.8004036,0.14055039
0.5768072,1.0,0.6333592
0.30000094,0.86265,0.3591134
0.17808476,0.6394137,0.30243284
0.24758202,0.4457536,0.25917238
0.2614316,0.28378057,0.19994608
0.07555032,0.5003175,0.54112244
0.015352894,0.27315465,0.3462793
0.002111381,0.13214466,0.23515292
0.0,0.0,0.17725445
0.3077614,0.50421864,0.60509527
0.4050159,0.30448696,0.32751653
0.53448117,0.15933564,0.09306393
0.6394033,0.03762665,0.0
0.51344013,0.5420924,0.6188282
0.61517006,0.48077098,0.33252656
0.57827115,0.6490767,0.3172632
0.5259119,0.772066,0.4068188
0.6951417,0.5945951,0.60453624
0.75615656,0.5664441,0.32251102
0.7078958,0.70869577,0.25603548
0.63810396,0.8132845,0.30933556
0.5533724,1.0,0.80230767
0.27467436,0.87200403,0.5481003
0.15903543,0.6434392,0.46487933
0.2371835,0.45165837,0.38735232
0.25108626,0.2851429,0.32242984
0.11492883,0.5022529,0.6462781
0.030029962,0.27941963,0.40405223
0.0060732192,0.13592716,0.26311225
0.0,0.0,0.1755456
0.3514457,0.5060722,0.67422765
0.43958703,0.31671593,0.35254556
0.5439898,0.177127,0.109275416
0.638733,0.055624243,0.0
0.55755514,0.54812396,0.6606656
0.64001477,0.5029101,0.34630314
0.5624617,0.6680092,0.37898368
0.49060613,0.7804618,0.50892997
0.7404027,0.603696,0.618356
0.76873875,0.59788096,0.34009236
0.68814814,0.73302746,0.3019918
0.61568916,0.8233143,0.3814702
0.64826185,1.0,0.5345671
0.35365772,0.85794646,0.43300307
0.21057785,0.633488,0.39620486
0.25938955,0.4487641,0.32695177
0.3016214,0.30785438,0.26981217
0.18760464,0.48983195,0.5614764
0.083270855,0.2621619,0.41284263
0.032125395,0.12603436,0.34356302
0.0,0.0,0.3173375
0.40889245,0.49582914,0.51640165
0.44752508,0.28251067,0.28980327
0.48986208,0.13963191,0.08821081
0.54171556,0.021305846,0.0
0.6074204,0.54510343,0.4419002
0.6247272,0.45452657,0.18204999
0.5294935,0.6099021,0.1846852
0.47681144,0.7229985,0.28469548
0.8087157,0.6124287,0.35484603
0.79440993,0.52820826,0.113964655
0.69719094,0.64612293,0.0766278
0.6331249,0.74611735,0.13139153
0.6301587,1.0,0.5271068
0.3303145,0.83881277,0.4934234
0.20739974,0.61653847,0.4599009
0.2680619,0.43665418,0.36446023
0.32064334,0.28678265,0.2754323
0.2055971,0.47312903,0.648052
0.093554184,0.25641283,0.49983868
0.04139053,0.12520167,0.4327823
0.0,0.0,0.4004123
0.42470658,0.47629422,0.5455135
0.46367547,0.2670843,0.32999864
0.4994889,0.12443828,0.14300475
0.53835773,0.00198818,0.046681654
0.6179116,0.52567226,0.41074196
0.5988387,0.44677123,0.12637715
0.487067,0.5969863,0.12904559
0.43187016,0.70072,0.22504883
0.8075323,0.596204,0.2731026
0.75453424,0.52917194,0.027496776
0.6411463,0.63857204,0.0
0.567557,0.72715646,0.048765983
0.62930995,1.0,0.65898204
0.33642593,0.8484823,0.5888183
0.22366977,0.62653047,0.56347615
0.2921444,0.4519797,0.4920987
0.3487043,0.30174387,0.42391282
0.25955567,0.47994462,0.69516784
0.12632926,0.26161882,0.5151507
0.049659785,0.12330176,0.41351107
0.0,0.0,0.34931993
0.48045158,0.483294,0.60546815
0.48122814,0.2776766,0.3363417
0.49787477,0.12902981,0.12205731
0.5284575,0.0048765535,0.0
0.67975914,0.5325588,0.4845793
0.59693694,0.4794615,0.14379904
0.4647769,0.6302807,0.12987554
0.40677786,0.7384199,0.22528097
0.8611784,0.60443044,0.35973236
0.7621202,0.5672223,0.06926557
0.6320616,0.6761952,0.042054545
0.5509665,0.76331025,0.10041521
0.6467187,1.0,0.8250792
0.35680434,0.85019827,0.724641
0.23764938,0.6278433,0.6978267
0.30650765,0.45691642,0.62959945
0.34047338,0.31248346,0.5575958
0.27851805,0.4846037,0.80843616
0.13943183,0.26921877,0.61340356
0.056483835,0.13113615,0.47107357
0.0,0.0,0.35977405
0.49907154,0.4833388,0.73215985
0.4720375,0.3005409,0.4330778
0.47070035,0.1604556,0.16935214
0.4831777,0.036613256,0.0
0.7037291,0.5243079,0.6258833
0.5919073,0.50785273,0.2914501
0.4834291,0.6653721,0.26362
0.44157234,0.7778176,0.33688176
0.89013654,0.58630425,0.5105272
0.7531571,0.5834942,0.2283466
0.63397187,0.70743966,0.20278592
0.5721576,0.8003419,0.2604419
0.2069516,1.0,0.49143645
0.0066097816,0.81213754,0.3796459
0.0,0.5870495,0.363211
0.13972886,0.41679275,0.31778485
0.21545848,0.27425733,0.28319028
0.081204765,0.4651213,0.5901806
0.02952543,0.2532279,0.45849952
0.023953972,0.12277562,0.3325679
0.062372252,0.0,0.24093911
0.29633695,0.49339154,0.53901136
0.40609178,0.28722236,0.32316953
0.48472634,0.16356751,0.11866082
0.58285177,0.04105519,0.0
0.46389902,0.57413673,0.45760906
0.5271224,0.43964097,0.15168454
0.37354326,0.5838385,0.09018041
0.3016879,0.6789787,0.15857512
0.6166057,0.68082136,0.37397608
0.6099181,0.5821605,0.082212485
0.4645557,0.68512577,0.019255634
0.39112863,0.7590342,0.06843068
0.19879839,1.0,0.5504575
0.0,0.83042175,0.4273507
0.009378229,0.59786946,0.39679313
0.16300447,0.43992966,0.327551
0.23871544,0.2983589,0.2639972
0.13541491,0.4813865,0.61357856
0.08781069,0.2669332,0.4660178
0.0722867,0.13270877,0.34597963
0.08993515,0.0,0.24867824
0.34878442,0.51526713,0.55449474
0.418966,0.3094693,0.34652603
0.46044624,0.17685826,0.14233072
0.53269994,0.04461923,0.005093546
0.51993036,0.6000788,0.45849156
0.48942244,0.49369225,0.13882552
0.31626147,0.63231534,0.09167008
0.2501794,0.71895534,0.1635952
0.66198254,0.70370495,0.35910365
0.56657195,0.61697924,0.04591925
0.40465945,0.7185491,0.0
0.33649543,0.7925603,0.055203248
0.18756683,1.0,0.6319419
0.0,0.82814574,0.54327244
0.024031462,0.58565223,0.49886328
0.19121867,0.42609084,0.41181535
0.29209143,0.28451514,0.34428462
0.17170407,0.4746589,0.68395543
0.098425806,0.26374018,0.4677962
0.06655787,0.13492991,0.32237637
0.06686909,0.0,0.2132455
0.3883029,0.5115066,0.5864509
0.4269662,0.29699835,0.32809123
0.4328197,0.16135542,0.13899298
0.48582342,0.02866165,0.028025365
0.5588975,0.60086066,0.4492851
0.45100623,0.48305494,0.109556384
0.27937102,0.6274492,0.1181061
0.24994674,0.7187126,0.23194423
0.68123037,0.7061139,0.30388555
0.51170003,0.6208004,0.0
0.36435556,0.7259405,0.007751312
0.34520498,0.8030574,0.10182859
0.19905646,1.0,0.5746476
0.0,0.84456277,0.37979206
0.01932498,0.6164947,0.33449736
0.16813588,0.43317977,0.2708149
0.22701336,0.27961722,0.22659746
0.07225932,0.48054546,0.5586663
0.056892194,0.2655882,0.40623632
0.07779303,0.12604171,0.26939893
0.14239568,0.0,0.1584098
0.28351763,0.51422423,0.5390207
0.39874667,0.30104586,0.31214035
0.495911,0.16484879,0.114570856
0.624035,0.028073087,0.0
0.44844878,0.5981897,0.49096373
0.59403664,0.46041703,0.12737212
0.44022566,0.6116081,0.07615361
0.3395696,0.7014533,0.17773306
0.59474975,0.70229363,0.43564606
0.6577501,0.6153976,0.06604071
0.50753874,0.7288824,0.008055659
0.4055133,0.7945895,0.08912091
0.117795914,1.0,0.41382176
0.0,0.8180797,0.15310508
0.044600043,0.597604,0.08728129
0.21494722,0.42747527,0.03680761
0.29116058,0.28254503,0.011383194
0.034094058,0.44774425,0.42188257
0.1178279,0.24697238,0.27472964
0.19412366,0.11687978,0.14034177
0.29262474,0.0,0.053783182
0.23601106,0.49194506,0.47110808
0.4015143,0.2869998,0.26998463
0.54752773,0.16758025,0.076053485
0.69818085,0.04364829,0.0
0.39027345,0.57622826,0.47999611
0.57773167,0.46749878,0.20898329
0.4515916,0.60301447,0.1628483
0.35038307,0.668196,0.24530637
0.539798,0.6759673,0.46602753
0.6594273,0.5976069,0.19963723
0.5302799,0.6897389,0.13482016
0.42909947,0.73532706,0.18077041
0.1386108,1.0,0.5847564
0.0,0.80551887,0.37325096
0.06900277,0.5819277,0.30774313
0.26033604,0.40987244,0.23090857
0.3379489,0.25009555,0.15771125
0.10951722,0.43561888,0.60871774
0.17844315,0.23755535,0.43167704
0.26352638,0.11237603,0.25989708
0.3847579,0.0,0.14173344
0.31653285,0.48541975,0.6114594
0.5254139,0.2947388,0.386301
0.6965341,0.17215006,0.13623936
0.8827611,0.049758654,0.0
0.464256,0.581422,0.5829748
0.66826653,0.4737973,0.26024562
0.5045423,0.60475963,0.20640871
0.391107,0.6788135,0.3004863
0.5962812,0.69800735,0.53984225
0.71687365,0.61999065,0.21973206
0.555968,0.7072637,0.16230471
0.4357391,0.7568489,0.23767589
0.28881124,1.0,0.68893915
0.06061517,0.8459114,0.5163819
0.029331416,0.6083088,0.49064013
0.14725949,0.4262326,0.44744655
0.19853625,0.27316153,0.4207149
0.08220306,0.4932403,0.6707984
0.023511922,0.29326522,0.4655279
0.0,0.15208429,0.30464095
0.027421251,0.012366608,0.1898506
0.3135239,0.52381164,0.6309153
0.42227116,0.3115589,0.35033062
0.5105698,0.16295888,0.122470155
0.63237506,0.0,0.0
0.503091,0.60586995,0.5544004
0.56592494,0.49367785,0.17691788
0.38564283,0.6506204,0.16430807
0.2969118,0.73219955,0.29282004
0.6819942,0.7036788,0.464653
0.6736251,0.6182172,0.13134569
0.50716126,0.738105,0.10737138
0.41828734,0.8067346,0.20826629
0.180588,1.0,0.63990265
0.0,0.7943175,0.45986935
0.010973955,0.5604942,0.41194886
0.17490582,0.37667614,0.3466182
0.24362685,0.22495745,0.2837196
0.033708885,0.43728134,0.6989793
0.044347674,0.24648598,0.5095649
0.10013991,0.12219982,0.33166498
0.1837952,0.0,0.19374767
0.25041273,0.4738182,0.69393253
0.4237394,0.2931929,0.45032585
0.5750959,0.16778788,0.1692105
0.73416996,0.03688008,0.0
0.41693762,0.5558705,0.6534413
0.5833552,0.45681998,0.3417252
0.42012605,0.58209336,0.3082995
0.30186102,0.6526708,0.41161436
0.56666434,0.66084355,0.59877646
0.6482043,0.5912234,0.29545364
0.49125177,0.6757395,0.24986787
0.36556685,0.7215242,0.3293277
0.19241911,1.0,0.461078
0.0,0.79927325,0.29586238
0.02093111,0.56080323,0.2636867
0.18580578,0.3798539,0.2181054
0.25518963,0.2328797,0.18249425
0.04339369,0.4444917,0.57444704
0.077766806,0.24545704,0.4133373
0.14318067,0.11689423,0.2613286
0.2395824,0.0,0.15821174
0.24937844,0.48921555,0.56480575
0.41816756,0.2976376,0.34241182
0.5660099,0.1796879,0.118552364
0.7248031,0.05574672,0.0
0.4068268,0.57762635,0.516605
0.57628536,0.46139094,0.2264914
0.41237196,0.59399176,0.18693568
0.30328003,0.66413563,0.27652043
0.5560805,0.6869465,0.44995347
0.63832843,0.60283184,0.16984655
0.47488725,0.6976839,0.10583866
0.35737532,0.74740666,0.16312085
0.31243235,1.0,0.2593755
0.06431621,0.7921529,0.17487228
0.016954346,0.5544039,0.17412733
0.14163484,0.37242073,0.13365714
0.19380857,0.23526524,0.108614124
0.027507138,0.45525283,0.5225208
0.0,0.25189313,0.42360723
0.023493195,0.121711165,0.3387556
0.075497776,0.0,0.28753057
0.24589638,0.480366,0.48355493
0.36009094,0.28139326,0.30376777
0.46033013,0.16393167,0.1168509
0.5620088,0.045042865,0.03563267
0.42653668,0.55382544,0.40219748
0.52149224,0.40420154,0.13826804
0.3929627,0.5496927,0.10080677
0.31449965,0.6427182,0.19582777
0.60921115,0.6508227,0.30996165
0.6387984,0.53724694,0.06644872
0.5080957,0.6420452,0.0
0.4199805,0.71471983,0.049780127
0.20017545,1.0,0.5321357
0.0,0.8248077,0.45852646
0.017377926,0.5762876,0.45530707
0.1993426,0.40411595,0.40666497
0.3227087,0.26322967,0.37322402
0.16309279,0.47302887,0.7318174
0.12337419,0.26621103,0.57830536
0.11388557,0.13018101,0.45117205
0.13769425,0.0,0.3566485
0.38456497,0.50103295,0.6455033
0.47254962,0.2864333,0.42482054
0.51390773,0.14545967,0.22019252
0.5910324,0.010373767,0.09634184
0.558169,0.58682936,0.510681
0.4984199,0.44036055,0.19203967
0.29970136,0.583741,0.14235064
0.25004777,0.67367834,0.21983619
0.6911907,0.6958415,0.37618938
0.5365778,0.59148204,0.055303745
0.36520314,0.70228004,0.0
0.3224374,0.7802631,0.051880408
0.22074537,1.0,0.59324706
0.0,0.8252173,0.57412463
0.03306047,0.5762802,0.5261375
0.26890844,0.4354261,0.41594654
0.46332282,0.35186812,0.35050565
0.25904572,0.4730536,0.70624316
0.19815448,0.2526796,0.502385
0.17262806,0.12292217,0.38711262
0.18412343,0.0,0.31307927
0.47661343,0.5149387,0.57204604
0.5092677,0.2932231,0.34677958
0.500369,0.15370093,0.2117081
0.55412763,0.029929329,0.14425533
0.63480675,0.60362136,0.40062308
0.4275327,0.49840856,0.09598034
0.23098327,0.6254794,0.13226353
0.23267378,0.70576835,0.2548162
0.7160869,0.7022979,0.21760452
0.45479426,0.6295564,0.0
0.30117252,0.72226,0.03324767
0.30684876,0.78866655,0.11819709
0.20147437,0.97063524,1.0
0.0,0.79152066,0.80892134
0.016327513,0.543884,0.65491295
0.18502045,0.36338603,0.4765813
0.27892423,0.20088999,0.28302717
0.07861586,0.4017551,0.77978045
0.043786056,0.23414417,0.48043755
0.030725876,0.122052334,0.2644445
0.051087916,0.0,0.11066358
0.34110802,0.43624339,0.7461291
0.43288448,0.2894245,0.40853384
0.46904284,0.19142872,0.15621467
0.5718846,0.06270615,0.0
0.5640557,0.5102897,0.6909118
0.5760992,0.5161717,0.36512685
0.36027798,0.6426024,0.37315664
0.29657623,0.65816575,0.4705205
0.72301006,0.6175716,0.61592656
0.6730773,0.6376015,0.3729123
0.4951876,0.73168087,0.37532303
0.43075174,0.73154384,0.45296577
0.16102949,0.8777916,1.0
0.0,0.71936214,0.726492
0.035288215,0.5083788,0.6155495
0.19512028,0.35213256,0.5178918
0.27670586,0.20982593,0.42036477
0.07508741,0.3955091,0.75317836
0.093951225,0.24052958,0.49063486
0.14570668,0.12201539,0.27692658
0.22786456,0.0,0.10943841
0.3012756,0.43389368,0.7726246
0.4287586,0.28613383,0.4599724
0.5665203,0.17265844,0.17713098
0.7239589,0.041366287,0.0
0.4832746,0.50613457,0.76998067
0.5963956,0.45086074,0.42737845
0.39297056,0.578277,0.44385058
0.26117522,0.63926345,0.58327603
0.633519,0.6065615,0.74146426
0.68945605,0.5589499,0.4183616
0.50744635,0.65221256,0.3983319
0.37687758,0.69604695,0.4979475
0.19282942,0.9894443,1.0
0.0,0.824883,0.6703746
0.04062901,0.58366257,0.5491723
0.21827196,0.3878311,0.45458
0.29709423,0.2186763,0.36823
0.03287552,0.44242635,0.7898946
0.09415675,0.27087423,0.48256513
0.1878399,0.1393681,0.20672505
0.31966552,0.0,0.0
0.2816396,0.48077554,0.8420868
0.5009049,0.30248293,0.5250466
0.7154041,0.17443025,0.2297074
0.94819206,0.011319978,0.043235146
0.46422204,0.5619209,0.86924905
0.6831511,0.4594304,0.48984912
0.48226246,0.6148076,0.5046585
0.34285533,0.67413646,0.6548376
0.62800217,0.6710508,0.85646755
0.7320769,0.6077345,0.4627631
0.5400874,0.7204611,0.41856077
0.3979422,0.7634181,0.51021826
0.4403735,1.0,0.45624083
0.18574359,0.85345453,0.15103361
0.10063596,0.6196687,0.072961755
0.18304521,0.41675624,0.021108
0.19538818,0.26621032,0.0
0.0,0.49861735,0.43621916
0.029201636,0.28743458,0.3366272
0.08158361,0.14886637,0.23433985
0.15398094,0.02535498,0.16648616
0.22586028,0.50699157,0.5228526
0.27538547,0.28407848,0.35902676
0.37882286,0.14238875,0.18057482
0.4888795,0.0,0.09447578
0.4198277,0.5580943,0.5603109
0.5814285,0.4007694,0.26203057
0.5566856,0.5560612,0.1700023
0.50968516,0.64954114,0.22917661
0.60036016,0.6241419,0.5837624
0.7170176,0.5197977,0.27836156
0.66654086,0.63630116,0.17932704
0.6045273,0.7090683,0.1998427
0.4639439,1.0,0.4427544
0.2852692,0.8493332,0.13925458
0.19683036,0.61979204,0.124725856
0.2838584,0.41707358,0.15432496
0.2930921,0.28009644,0.2060495
0.0,0.5135119,0.39761454
0.08663963,0.29326728,0.31120294
0.17830291,0.14141326,0.2198705
0.284014,0.0,0.144718
0.20676203,0.51578003,0.5139434
0.27103305,0.29832152,0.33698437
0.3994454,0.14777572,0.12129285
0.5152531,0.002735444,0.0
0.4066604,0.5522304,0.58702743
0.6040311,0.40343127,0.32840103
0.6240866,0.56622744,0.2667359
0.5771727,0.67564744,0.3325298
0.61093795,0.61111236,0.6426531
0.7496472,0.5166488,0.3235739
0.7291474,0.64460415,0.20904452
0.65707654,0.7295313,0.22831891
0.61119765,1.0,0.43120518
0.32616764,0.86021805,0.30375507
0.1928109,0.6421918,0.2576315
0.22520053,0.44140396,0.1828058
0.18914677,0.2863705,0.12013526
0.13945293,0.5174387,0.5497848
0.025177363,0.33400142,0.4465979
0.0,0.20910846,0.33563444
0.016822424,0.08624188,0.25022653
0.3527786,0.5034904,0.51636434
0.34871954,0.28855792,0.32695785
0.38083228,0.14451143,0.11954938
0.42914802,0.0,0.0
0.55681014,0.55034274,0.45207143
0.609247,0.37544036,0.14614308
0.5732454,0.5376045,0.08242974
0.5469797,0.640139,0.16501644
0.77202725,0.62526536,0.386235
0.783312,0.5113349,0.08827945
0.71856153,0.6329011,0.028880937
0.6675223,0.7102916,0.09254619
0.6990417,1.0,0.6511317
0.41376895,0.8767078,0.5071548
0.28142324,0.6469291,0.47157902
0.29841492,0.44890502,0.40597948
0.25583708,0.29192513,0.33303964
0.29146072,0.54519767,0.6711459
0.12925144,0.3827521,0.47582826
0.047388796,0.25509614,0.2912449
0.0,0.11679237,0.14317034
0.51880044,0.53501624,0.614378
0.4742064,0.31978312,0.3670182
0.4552211,0.16924153,0.14462905
0.46439597,0.0,0.0
0.743271,0.5834769,0.52761364
0.7433933,0.4410427,0.17976205
0.6618761,0.6181878,0.15559305
0.6212962,0.71665126,0.27039105
0.9650769,0.6584282,0.4353471
0.91656053,0.5701037,0.09409374
0.81967914,0.7095933,0.07283749
0.7653314,0.7867874,0.17501126
