0.18633607,0.30271226,0.19498868
0.09133601,0.28529036,0.1422709
0.023241729,0.23857403,0.09477393
0.0,0.1907515,0.0426784
0.035455137,0.15919119,0.0
0.07071525,0.16328967,0.20013757
0.057079643,0.10241425,0.12651442
0.04768756,0.10828203,0.04844208
0.05181104,0.13093722,0.009508938
0.12635008,0.15177697,0.19374382
0.122519314,0.08221722,0.19378628
0.113292366,0.037518114,0.16878437
0.10797307,0.0,0.1486292
0.17982203,0.15542048,0.17085724
0.17488423,0.08912715,0.17346725
0.16893971,0.04795423,0.15888302
0.16293329,0.0133987665,0.14452623
0.23679647,0.1704393,0.13803056
0.22946426,0.11967301,0.14094737
0.22472817,0.085907936,0.14287607
0.21768951,0.05463922,0.14720543
0.15342832,0.29450774,0.22540957
0.063207686,0.2756126,0.15654293
0.009992242,0.23193109,0.10302154
0.0,0.18630183,0.050424233
0.022933185,0.15563715,0.0
0.038562417,0.15950179,0.20021054
0.032515764,0.103684306,0.13280588
0.038049996,0.09696132,0.05953738
0.049794346,0.10727465,0.01781261
0.094186425,0.1488381,0.20496678
0.089307755,0.08107728,0.19873819
0.089886606,0.03721714,0.1739077
0.089571565,0.0,0.15196759
0.14699924,0.15225625,0.19502859
0.14322466,0.087402046,0.19229129
0.14438277,0.047275484,0.17178875
0.1413992,0.0123951435,0.15266973
0.20486975,0.16711503,0.17512316
0.19879043,0.11909795,0.17472951
0.19772631,0.08717781,0.17199238
0.19123107,0.05679363,0.17269585
0.21557915,0.3681396,0.38655543
0.10226911,0.35236052,0.25624412
0.024328887,0.30086842,0.162122
0.0,0.2463589,0.0756917
0.044210434,0.20619795,0.0
0.07619089,0.19919017,0.3135282
0.060753763,0.12442604,0.19932362
0.062004626,0.12728229,0.08718732
0.07668185,0.15154496,0.027271658
0.14807117,0.18612549,0.33493084
0.1464135,0.10065028,0.31218418
0.15147495,0.046962768,0.2663821
0.15784806,0.0,0.2294181
0.21311194,0.19212028,0.33386382
0.21540082,0.11321816,0.31846318
0.22244406,0.061436534,0.27980286
0.22538745,0.015563458,0.24432418
0.28239113,0.211948,0.31814936
0.28105074,0.1537542,0.3080704
0.28489095,0.1131669,0.29809523
0.28307998,0.07469705,0.290808
0.22407539,0.3786546,0.3159164
0.10120268,0.3547541,0.22210947
0.0145127475,0.296413,0.14698449
0.0,0.2330029,0.07188609
0.055512443,0.18469465,0.011630297
0.07755406,0.19893622,0.2784611
0.06600337,0.12172574,0.16744795
0.058665052,0.12699199,0.056569993
0.06805922,0.15308821,0.0
0.1498927,0.18616587,0.2791287
0.14996584,0.10116422,0.2564784
0.15146296,0.04599589,0.21499604
0.15843771,0.0,0.18712664
0.21902402,0.19261599,0.25672108
0.21842591,0.110999525,0.24060035
0.21718724,0.05689794,0.2052714
0.2151304,0.009814024,0.17576306
0.29299653,0.21344864,0.2234847
0.28911722,0.15014642,0.2041784
0.28509688,0.10766649,0.18901646
0.27672744,0.06817931,0.18098295
0.24154831,0.3983268,0.37777334
0.12295826,0.37423414,0.27459893
0.033062518,0.31954247,0.18523662
0.0,0.25834146,0.096949786
0.049089268,0.21200117,0.019547671
0.07864304,0.21840039,0.31173816
0.05173163,0.14002249,0.18270287
0.04615222,0.14930558,0.059528977
0.05889605,0.18250936,0.0
0.15307064,0.20167863,0.31840152
0.1401953,0.10937086,0.29036695
0.13501124,0.0491457,0.24388118
0.1385953,0.0,0.20873205
0.22483046,0.20591453,0.30281302
0.21487905,0.11862558,0.29000008
0.21471731,0.06229669,0.2534929
0.21568961,0.014712751,0.22047251
0.3031881,0.22465637,0.276876
0.28876418,0.15962383,0.26251888
0.28464335,0.1140444,0.25718087
0.27859437,0.07255411,0.25406045
0.14414924,0.31993437,0.1361094
0.051956147,0.28720593,0.09024383
0.0,0.22071302,0.06232454
0.024800211,0.16388983,0.029861957
0.103161335,0.14471024,0.004446715
0.05571994,0.15610814,0.18805759
0.06722212,0.094073415,0.12069365
0.06891751,0.103201866,0.04153219
0.07713896,0.13010943,0.0
0.117250085,0.14595068,0.18815306
0.1331079,0.07828933,0.21012422
0.14460218,0.03464645,0.19395326
0.15716666,0.0,0.17601375
0.17423576,0.15152323,0.1678598
0.18657017,0.08672798,0.18510482
0.1952579,0.045193493,0.17661184
0.20429349,0.0119280815,0.16362196
0.23484075,0.16937089,0.13729513
0.2390967,0.11958206,0.15239558
0.24498296,0.08526397,0.16908392
0.24859977,0.05164653,0.1841182
0.18815845,0.35053068,0.39875647
0.096179575,0.33504397,0.29029712
0.025326908,0.2981211,0.19188379
0.0,0.25564814,0.10125199
0.04462433,0.22630417,0.02994278
0.081026316,0.1962856,0.28022367
0.06555015,0.13068631,0.15573327
0.060267955,0.13927802,0.050736517
0.065158606,0.16518492,0.0
0.146851,0.1838736,0.28504226
0.13456005,0.10181153,0.23706484
0.12580079,0.0475052,0.18156748
0.117485374,0.0,0.1361267
0.20911998,0.18992692,0.27518052
0.2009486,0.11389622,0.24369293
0.19699794,0.06592524,0.20923522
0.18835455,0.026012778,0.1805111
0.27359664,0.20871747,0.25417298
0.26523906,0.15057427,0.22966817
0.26489562,0.11141753,0.22053543
0.25876576,0.07624692,0.21651636
0.22814322,0.35515553,0.31816348
0.11635539,0.33738613,0.24483025
0.03436497,0.2885474,0.16611469
0.0,0.23455149,0.08414392
0.0305278,0.19381124,0.009744942
0.08506569,0.20010328,0.2671485
0.06310174,0.13236171,0.15274186
0.054605335,0.14067405,0.050087154
0.06587964,0.16702288,0.0
0.14756888,0.18606484,0.25505143
0.127924,0.1035859,0.22323659
0.11725989,0.047781765,0.18037966
0.11754429,0.0,0.14959243
0.2134341,0.19080836,0.22560838
0.19477904,0.11158639,0.20497544
0.18765628,0.060860187,0.17264313
0.18386722,0.018045545,0.14569011
0.2876423,0.20902932,0.18646562
0.26837134,0.1478405,0.16886976
0.25998974,0.10697776,0.15917253
0.25269485,0.0694592,0.15039657
0.16790438,0.2869897,0.15659294
0.0698463,0.26449788,0.10961835
0.004862994,0.21228468,0.07810192
0.0,0.15781915,0.035930403
0.056321293,0.12041646,0.0
0.034627855,0.1537574,0.22022603
0.019873887,0.10079777,0.16021253
0.030033916,0.09925103,0.075944364
0.050290585,0.11497986,0.022148252
0.090798855,0.1388858,0.21479085
0.08176044,0.07761422,0.23362781
0.08320707,0.034882486,0.21234061
0.084479034,0.0,0.19025499
0.14757812,0.13876969,0.18918145
0.13861537,0.07729083,0.20401925
0.13580567,0.03672999,0.18821168
0.13180226,0.0038550496,0.16813539
0.21163595,0.15059412,0.15276064
0.20036346,0.10362589,0.16926238
0.19625938,0.069209814,0.1784646
0.18641937,0.036298305,0.18511093
0.14497948,0.29000822,0.23738858
0.0524368,0.26787105,0.14584479
0.0,0.2180588,0.09038761
0.007088691,0.16690025,0.039230183
0.06504834,0.12835523,0.0
0.022927314,0.15311655,0.22315504
0.015445292,0.09138301,0.14362156
0.029546082,0.09288809,0.0625149
0.049957693,0.11535853,0.021709844
0.08764517,0.14306334,0.24139765
0.1006757,0.07711992,0.23855299
0.11913097,0.03399858,0.2124883
0.1340828,0.0,0.19145505
0.1455844,0.14674637,0.23940285
0.15970182,0.087557346,0.23818354
0.17500055,0.04685971,0.2213631
0.18511689,0.0128008425,0.20250797
0.20499194,0.1613526,0.22413455
0.20887291,0.116524726,0.22519253
0.21861112,0.082978755,0.22537018
0.22289765,0.05045554,0.22898948
0.16265267,0.32549292,0.22911079
0.068479955,0.29705912,0.15867582
0.0131139755,0.24613202,0.103150785
0.0,0.19510138,0.047646582
0.039552003,0.15983525,0.0
0.057561636,0.16982818,0.21369322
0.04345876,0.10520846,0.13039044
0.041060477,0.11219996,0.048663467
0.05082053,0.1395672,0.010206133
0.116353095,0.16064087,0.219146
0.12535089,0.085317105,0.2131443
0.13237107,0.037718713,0.18544675
0.14124835,0.0,0.1638647
0.1710369,0.16859537,0.20779625
0.18042713,0.09959841,0.20394056
0.19066745,0.055663437,0.18195067
0.19687247,0.018121064,0.16224253
0.22801656,0.18874073,0.18657525
0.23419392,0.13955584,0.1796689
0.24104804,0.10327613,0.1719288
0.24239641,0.069877505,0.16930811
0.16072494,0.31618333,0.106652915
0.059048593,0.28225654,0.09016885
8.997321E-4,0.21807432,0.06693963
0.0,0.15715146,0.032444015
0.06235507,0.12642878,0.0
0.06944597,0.16201437,0.17730716
0.06544599,0.10557413,0.1251367
0.060513258,0.11612025,0.06494834
0.06689423,0.13910231,0.036304913
0.12660104,0.15257257,0.16139077
0.12817675,0.08264384,0.18848255
0.12667829,0.036464095,0.17776963
0.13029546,0.0,0.16043198
0.18196672,0.15729082,0.12983873
0.18195724,0.08852789,0.1481331
0.17824209,0.0454275,0.13295215
0.17852503,0.013801217,0.11090581
0.23953456,0.17208022,0.091301806
0.23923475,0.11609098,0.105790645
0.23752487,0.08155283,0.11486366
0.23387438,0.051382214,0.118694305
0.18233126,0.29732615,0.09822324
0.08156794,0.26795453,0.07018189
0.01543355,0.21096474,0.0536772
0.0,0.15074944,0.026563764
0.054115236,0.109493256,0.0
0.05350843,0.16575766,0.19875263
0.03249687,0.1166192,0.16676748
0.038621783,0.11587995,0.120241895
0.055257022,0.12589157,0.09616979
0.1069302,0.15082473,0.19152862
0.100584924,0.081992656,0.2281923
0.10123968,0.036348045,0.21871886
0.10290587,0.0,0.21204811
0.1644448,0.14899969,0.1681489
0.16669762,0.0831458,0.19072962
0.17040193,0.0391168,0.1778813
0.173163,0.0035467744,0.16374914
0.22511297,0.15692723,0.13641208
0.2423051,0.10672623,0.14613828
0.25467116,0.071398765,0.15050447
0.2635507,0.039562345,0.15401381
0.18747711,0.2741673,0.0076246257
0.07769737,0.24551892,0.017070804
0.01460585,0.19383591,0.025096089
0.0,0.13724631,0.014272945
0.045182943,0.099829555,0.0
0.057751417,0.15363425,0.14883374
0.037435055,0.10496518,0.13664469
0.029602885,0.104019284,0.098203845
0.037744552,0.11324623,0.07840981
0.10702136,0.13707304,0.12771092
0.094742775,0.07639831,0.18102728
0.08143735,0.037445307,0.18465838
0.07528058,0.007037699,0.18862042
0.16217047,0.13204268,0.09095618
0.1558345,0.0704799,0.12780951
0.14818668,0.031158358,0.12805195
0.1431663,0.0,0.12369127
0.22229564,0.1359371,0.046394307
0.23330212,0.08436939,0.068838
0.23907685,0.048959047,0.080891475
0.2441355,0.019666433,0.09166024
0.19370908,0.2906481,0.19277443
0.09319249,0.26715046,0.13254866
0.023017228,0.2198264,0.08960336
0.0,0.16771722,0.041697487
0.039702415,0.12832177,0.0
0.06306863,0.1551612,0.22166185
0.041499257,0.10190874,0.1610517
0.04125285,0.10371801,0.08777734
0.05194798,0.120997846,0.040141955
0.11902708,0.14209771,0.21891645
0.10723731,0.07875064,0.22419453
0.101469934,0.037061334,0.196372
0.09675607,0.0,0.16914326
0.17668808,0.14576209,0.19892994
0.18153006,0.084454656,0.19416666
0.18592358,0.043153703,0.16566658
0.1854425,0.0062478185,0.13853234
0.23762572,0.16190946,0.16825667
0.252164,0.11733073,0.1607697
0.26333886,0.083342046,0.15064977
0.26636332,0.048727274,0.14327589
0.113431066,0.28920096,0.3437068
0.033388674,0.26679647,0.21524692
0.0,0.21938199,0.13460167
0.006960422,0.17283773,0.0649102
0.04771173,0.13536769,0.0
0.037574142,0.14732432,0.26921436
0.05511883,0.08525723,0.17433277
0.0688774,0.08589038,0.080019206
0.07849476,0.10754764,0.03218797
0.10625675,0.14394319,0.30276912
0.14153412,0.07722366,0.28588852
0.17241666,0.035372794,0.25010023
0.19479862,0.0,0.22441232
0.16145185,0.1531918,0.3168357
0.19431648,0.09509385,0.3040149
0.22173658,0.05545512,0.27933833
0.23859146,0.020495981,0.2580757
0.21382067,0.17239189,0.31625414
0.23328808,0.12876105,0.3025572
0.2541552,0.09846246,0.2943312
0.2688342,0.06854597,0.29498297
0.20796755,0.2997806,0.09599265
0.0975503,0.27864462,0.084568605
0.020476311,0.22394675,0.065781906
0.0,0.16527629,0.030506574
0.052116275,0.13019383,0.0
0.07840547,0.16328931,0.19135714
0.058676094,0.106699586,0.15146336
0.05705315,0.10443741,0.09640726
0.066069335,0.11280459,0.06494379
0.13151729,0.14872211,0.17086639
0.11087185,0.083206475,0.19686595
0.09495783,0.03804016,0.17854623
0.08370429,0.0,0.15478614
0.18657842,0.14697886,0.13465731
0.16362461,0.082144916,0.15626071
0.14339387,0.040448487,0.1420743
0.12830946,0.008833021,0.12010214
0.24871191,0.15440375,0.09105703
0.22608218,0.100063026,0.10720704
0.2084727,0.06551555,0.11423898
0.18865904,0.03415805,0.11540566
0.13832173,0.36935586,0.3233705
0.034625262,0.3380949,0.21568722
0.0,0.2737776,0.13837269
0.015009552,0.21221077,0.06709975
0.05133459,0.16475767,0.0
0.065156996,0.19324237,0.26832676
0.076114565,0.121355236,0.17854781
0.075276226,0.111377835,0.08311963
0.0760636,0.123575866,0.027691096
0.14170662,0.1864062,0.28512073
0.16369006,0.101646066,0.28514054
0.17770854,0.046701968,0.25379807
0.18900797,0.0,0.22179186
0.2049528,0.19678754,0.28428423
0.22599217,0.117924035,0.28869992
0.2389563,0.066594005,0.26221874
0.2452971,0.022703618,0.23277813
0.2668223,0.2209329,0.26934934
0.2757341,0.16072214,0.26925147
0.28363678,0.12088472,0.2690278
0.28478113,0.08310169,0.26930356
0.22439843,0.35938883,0.26944962
0.10704863,0.3408777,0.19903538
0.03304434,0.2864434,0.1390271
6.0099363E-4,0.2286917,0.076780066
0.0,0.1779038,0.018679619
0.062167346,0.20462528,0.24125898
0.031968117,0.13185793,0.14034958
0.028922796,0.13482577,0.045437947
0.04388565,0.1590085,0.0
0.12699431,0.18827555,0.23757581
0.10029012,0.101013005,0.22138043
0.084895134,0.04623562,0.18819201
0.07748371,0.0,0.1656143
0.19302952,0.1903835,0.21738261
0.17408562,0.10692042,0.20315164
0.16135812,0.05421567,0.16795972
0.14828277,0.008690298,0.13685067
0.26706028,0.20569634,0.18823975
0.25485897,0.1431031,0.17107387
0.2422992,0.10113847,0.15605332
0.22586101,0.06125331,0.14697549
0.21649802,0.38888118,0.19111405
0.09488028,0.36202344,0.13502166
0.012355566,0.29711893,0.089565314
0.0,0.22753966,0.040639207
0.0608733,0.18429554,7.582605E-4
0.05339575,0.21799132,0.19855474
0.03115338,0.14974919,0.11560532
0.03485194,0.1620627,0.037753925
0.054556847,0.19078332,0.0
0.1233429,0.19934767,0.19333254
0.109139144,0.10991481,0.19438438
0.100545615,0.050882667,0.16670054
0.100765884,0.0,0.13497525
0.19291791,0.20044574,0.17302744
0.17933038,0.11785832,0.17352748
0.1694783,0.06581947,0.15290785
0.16388646,0.021533564,0.13191459
0.26742685,0.21551451,0.14215933
0.25040388,0.15565047,0.1410258
0.24230033,0.113497496,0.14792374
0.23359281,0.07325184,0.15211621
0.19766012,0.44445133,0.38927782
0.0627878,0.4159007,0.26916948
0.0,0.34435385,0.17623743
0.011533558,0.27840203,0.08920339
0.08435249,0.23969775,0.020945728
0.10212192,0.23148775,0.322412
0.12156683,0.14030135,0.19653097
0.10948491,0.14643097,0.066054046
0.10645801,0.18226951,0.0
0.19119269,0.2223643,0.33832133
0.22665691,0.12233275,0.325423
0.24519265,0.05564487,0.27810645
0.26516366,0.0,0.23909307
0.26785243,0.23499238,0.33072087
0.29518265,0.14101064,0.32915145
0.31291884,0.08132672,0.30734658
0.32442456,0.03218937,0.28604376
0.34364742,0.26266468,0.30771008
0.35469967,0.19033015,0.30294767
0.3663842,0.14221293,0.30761167
0.3746912,0.09822059,0.31655872
0.28642622,0.38078493,0.2599013
0.15206257,0.37000924,0.20604408
0.043835223,0.31568766,0.14902648
0.0,0.25096357,0.08690116
0.047030926,0.20230678,0.035439298
0.084106505,0.22526732,0.2630182
0.033958763,0.15234166,0.15777713
0.022902519,0.16112906,0.052122533
0.041599363,0.18828568,0.0
0.14575198,0.20250201,0.24929881
0.09592265,0.11322996,0.24165787
0.061395735,0.052766085,0.20554343
0.041868985,0.0,0.169427
0.2145578,0.19894013,0.21624658
0.16828325,0.112063885,0.21341717
0.13996926,0.05725342,0.19106084
0.11783096,0.012762785,0.16391838
0.29460123,0.2075755,0.1748468
0.25196257,0.1407634,0.17404667
0.2272143,0.097727716,0.18156503
0.20328453,0.0585016,0.18395528
0.13946295,0.38619822,0.16389844
0.03493452,0.33167547,0.13380674
0.0,0.25086874,0.09408333
0.025733232,0.18135253,0.042878307
0.10557011,0.14674395,0.0
0.09000319,0.18941414,0.2163187
0.113581955,0.11459237,0.12903354
0.10861552,0.12558103,0.04324469
0.10784349,0.15553206,0.0025896877
0.16204578,0.1889483,0.1943276
0.20527112,0.103860855,0.20064607
0.23182988,0.047332257,0.17387189
0.2604952,0.0,0.14486815
0.22474992,0.2068859,0.15631013
0.26510686,0.1285404,0.15881023
0.2866662,0.07622433,0.13027976
0.30656904,0.033075124,0.10100298
0.28532016,0.23817965,0.1068172
0.31308877,0.17828292,0.104798004
0.32950056,0.13558573,0.09947689
0.34263647,0.09399435,0.09418798
0.18457976,0.3592142,0.12766841
0.06391698,0.3245784,0.10132026
0.0,0.2571774,0.07530406
0.0033733547,0.19062042,0.035479948
0.06450805,0.14927045,0.0
0.052276015,0.1922346,0.20586082
0.041709065,0.12407437,0.12993336
0.04784879,0.12988645,0.046043932
0.062295377,0.15257952,0.0040487796
0.12181762,0.17980322,0.19152093
0.12228927,0.09781647,0.21298763
0.12075478,0.044159263,0.19421205
0.11943537,0.0,0.16892076
0.19045946,0.1851348,0.15866409
0.19096246,0.10739648,0.17282377
0.18359694,0.057483226,0.1528776
0.17640963,0.017544746,0.12527405
0.26374683,0.20247242,0.114908636
0.25628337,0.14200109,0.12549783
0.24826214,0.10220459,0.12612437
0.23668316,0.06486428,0.12519304
0.23810053,0.35671538,0.33442652
0.11944181,0.33748788,0.24909084
0.027136326,0.28528482,0.16782717
0.0,0.22965026,0.08724359
0.06066397,0.19086003,0.017932087
0.090732574,0.18621922,0.28715
0.061756343,0.11034793,0.17172167
0.053158402,0.12069857,0.061045647
0.06255725,0.15185744,0.0
0.16691303,0.17310083,0.2818214
0.1469619,0.09451562,0.24757731
0.13478702,0.043543518,0.19445214
0.12804034,0.0,0.15367812
0.24129772,0.1797868,0.2556157
0.22924715,0.10610932,0.2333681
0.22243983,0.058036804,0.19543299
0.21355718,0.01820457,0.15957277
0.3193913,0.19973576,0.21850955
0.30603302,0.14127874,0.1956925
0.29881,0.1010263,0.18043858
0.28484434,0.06400657,0.16891386
0.5831747,1.0,0.71316504
0.25429732,0.951724,0.48102096
0.053379603,0.78640187,0.32479757
0.010505804,0.60231125,0.16306865
0.0070252395,0.45046204,0.0
0.085637584,0.54793096,0.70485437
0.006998194,0.36041474,0.47842965
0.0,0.33149984,0.23025349
0.028450394,0.36072013,0.083736695
0.2687342,0.49381834,0.707863
0.20515339,0.26467845,0.72263896
0.16625851,0.12285522,0.65892524
0.12810096,0.0,0.59672517
0.45248947,0.49237102,0.65080154
0.39360294,0.27482167,0.6548723
0.35041237,0.13590837,0.5739338
0.3060879,0.012719327,0.4855273
0.6665792,0.53042406,0.5550177
0.60643727,0.36589193,0.55172557
0.57142556,0.2573512,0.53080666
0.5203847,0.15066418,0.5097152
0.6366483,1.0,0.81315196
0.2948125,0.9558269,0.57174695
0.06774508,0.80368614,0.38664976
0.0,0.63448846,0.19054152
0.03779619,0.4858921,0.0
0.11652008,0.55840504,0.75368196
0.049322218,0.36472765,0.49723256
0.038767766,0.36033124,0.19875576
0.0829465,0.4105195,0.022203615
0.29689914,0.5055305,0.75999635
0.23906957,0.27217057,0.7344943
0.20088677,0.12513712,0.6256575
0.17574756,0.0,0.54057926
0.48363167,0.5024138,0.69860137
0.4227486,0.2735047,0.6798265
0.37710878,0.12888499,0.5800172
0.33518022,5.0194558E-5,0.49714988
0.6951536,0.53833807,0.6078802
0.6381475,0.3647699,0.57042336
0.5934199,0.24895391,0.5320587
0.5445961,0.13687804,0.5186431
0.5622121,0.85940754,1.0
0.2914089,0.83701354,0.7012675
0.090735584,0.72734183,0.47928727
0.0,0.6111905,0.25984156
0.027233846,0.5071066,0.06563017
0.15017998,0.4709521,0.7788827
0.069185324,0.28677064,0.45800644
0.049005195,0.32003316,0.15435727
0.08205619,0.40302214,0.0
0.320811,0.42907712,0.80523133
0.28934884,0.22986257,0.71248305
0.27282974,0.10690199,0.6008739
0.2705303,0.0,0.5289332
0.49042374,0.4358636,0.7732177
0.4640965,0.24936907,0.6923529
0.45545495,0.12638089,0.60504353
0.44273996,0.017446237,0.544096
0.6764836,0.4776091,0.707492
0.645124,0.3335499,0.6261556
0.63240474,0.22910309,0.579365
0.61196965,0.1258735,0.5567713
0.40937644,1.0,0.9428731
0.13354394,0.9261152,0.60815
0.0,0.7636789,0.39042532
6.595796E-4,0.5963972,0.1881176
0.050717566,0.45032197,0.0
0.034387074,0.52851856,0.7898071
0.014637025,0.31558287,0.52029496
0.023458978,0.32854122,0.2376054
0.059853412,0.41154483,0.095803216
0.24588665,0.48941296,0.86605126
0.26906756,0.2605793,0.8600298
0.2931454,0.12103942,0.8052294
0.3140956,0.0,0.76191616
0.43440887,0.50244004,0.87540686
0.45634526,0.29137927,0.862427
0.47603706,0.15403388,0.8102044
0.47880995,0.03205957,0.76551694
0.6333838,0.5546921,0.84115547
0.64359426,0.40473425,0.81371915
0.6609356,0.29414418,0.8034894
0.66269153,0.18048908,0.8248319
0.64734125,1.0,0.78669316
0.3362413,0.9404962,0.522922
0.101197906,0.79726857,0.3421617
0.013658941,0.6299569,0.16404115
0.050706953,0.50701934,0.0
0.1329819,0.5441452,0.6578685
0.0,0.37278712,0.42390037
0.0044457135,0.38257134,0.19854039
0.05595857,0.43987933,0.06653985
0.32663587,0.48075104,0.6731605
0.25318527,0.24377073,0.6256512
0.21630315,0.11338874,0.53710574
0.18960966,6.024018E-4,0.48232335
0.5322819,0.48085785,0.6358429
0.51174563,0.25689837,0.5582817
0.5007816,0.12368607,0.44623324
0.48660076,0.0,0.37943563
0.75763094,0.5305412,0.5705529
0.84952104,0.38209656,0.48896286
0.9204485,0.27692464,0.42433092
0.969321,0.1678721,0.3933165
0.8129974,1.0,0.7100476
0.48324314,0.9755337,0.49556628
0.19718662,0.8448579,0.34146392
0.04644735,0.6895256,0.17027579
0.004653846,0.54639924,0.0
0.17636181,0.5948139,0.6758084
0.023087734,0.39024016,0.41381386
0.0,0.40599138,0.16513279
0.055817578,0.4783464,0.0337145
0.34327307,0.5263679,0.65934
0.2088702,0.28340462,0.60294765
0.12206308,0.14245822,0.5124413
0.05725628,0.017395549,0.4542569
0.54002213,0.51781267,0.5875925
0.45482042,0.2860433,0.49603263
0.40531614,0.13631763,0.3882906
0.35302845,0.0,0.30629018
0.7667453,0.55713856,0.48816842
0.80349773,0.39579785,0.37510538
0.82960445,0.28140953,0.30500177
0.8324247,0.16758732,0.2684099
0.5581686,0.8617042,1.0
0.29163232,0.83028823,0.6721793
0.07111258,0.7182563,0.44261035
0.0,0.5990756,0.23211637
0.053681582,0.50695395,0.039779954
0.09138086,0.47353563,0.6583119
0.008871921,0.29714623,0.3408824
0.00706066,0.32683912,0.1058391
0.04057697,0.40530112,0.0
0.30064112,0.42918426,0.6824398
0.27924117,0.22645277,0.54746705
0.26435786,0.10822277,0.43701765
0.24952146,0.0,0.36381024
0.50611687,0.44289136,0.6610465
0.5102507,0.26678404,0.5073131
0.5226973,0.14682043,0.38213316
0.5188303,0.031300426,0.3065849
0.7196882,0.49830428,0.610252
0.8045064,0.38363752,0.46317133
0.8791791,0.2988543,0.3873713
0.9352008,0.20183812,0.3375622
0.554415,0.9695275,1.0
0.2808239,0.92094314,0.6375637
0.07507776,0.7775875,0.4046431
0.03690343,0.61652696,0.19055603
0.122149415,0.50111324,0.0
0.08626318,0.52289414,0.76342106
0.0,0.33768067,0.49204275
0.016001979,0.3423711,0.24663477
0.065380774,0.4068087,0.11066168
0.30362424,0.46714175,0.8190812
0.29036382,0.24766298,0.7559775
0.29643163,0.113995284,0.65273184
0.30016392,0.0,0.57887536
0.51854825,0.47531876,0.81431025
0.5369574,0.27222982,0.7272106
0.5583591,0.1367767,0.61648864
0.5640115,0.0140563,0.54488826
0.7459516,0.5315602,0.7695061
0.8425146,0.39465642,0.67646194
0.9205493,0.29573956,0.61027676
0.9809755,0.1937223,0.57116824
0.6639177,1.0,0.46505174
0.3159944,0.9295101,0.30703613
0.07936496,0.75066453,0.21300957
0.0,0.55741435,0.10307959
0.03751533,0.4152825,0.0
0.16019809,0.5276425,0.61025786
0.0647249,0.3415068,0.4706554
0.05983151,0.34302548,0.2856542
0.097712345,0.39364338,0.17413527
0.34191564,0.4751419,0.6018853
0.28928447,0.24244325,0.682579
0.2615815,0.1136245,0.64358157
0.23904249,0.0,0.604756
0.5341533,0.47671407,0.53249264
0.5225077,0.259562,0.55297977
0.507223,0.12877241,0.47808442
0.49062055,0.010951908,0.407266
0.7436904,0.5176293,0.43506655
0.8176649,0.36373928,0.4195915
0.86410296,0.25337505,0.38826483
0.8906817,0.14025424,0.37044093
0.8473453,1.0,0.0
0.39143768,0.93920714,0.03687952
0.104773946,0.7600485,0.10691477
0.0,0.56296843,0.11176871
0.114482075,0.40578938,0.12458921
0.27017736,0.57206285,0.61250615
0.1614428,0.3904968,0.613867
0.11548877,0.39256722,0.47562405
0.1495284,0.44050092,0.38577473
0.44146404,0.4992979,0.53833973
0.38194722,0.26313013,0.7864694
0.32483503,0.118035555,0.81640995
0.29943928,0.005787925,0.82962203
0.6353888,0.46760535,0.40523872
0.5966235,0.24691983,0.54640824
0.56919426,0.10879721,0.5585137
0.5541755,0.0,0.5464685
0.83998364,0.46316049,0.24280843
0.8462006,0.27968642,0.3176831
0.8598634,0.16054209,0.3717793
0.8784972,0.057043593,0.41979796
0.7609297,1.0,0.6615309
0.41305593,0.94959396,0.5091028
0.1679327,0.8044517,0.36712617
0.04155048,0.65912205,0.19023223
0.0,0.5217827,0.008872749
0.21497673,0.55807644,0.6436524
0.107778765,0.36068636,0.380212
0.067765504,0.3734346,0.12991242
0.095745735,0.44020703,0.0
0.3808139,0.5127559,0.5790548
0.30655873,0.2791378,0.51084006
0.25352955,0.13175847,0.41047263
0.22486822,0.002368707,0.34622726
0.5619879,0.5206402,0.46558073
0.53342533,0.29381457,0.37275147
0.5152204,0.13849916,0.2464013
0.49701974,0.0,0.1558482
0.76636094,0.5743306,0.331621
0.8186595,0.41189802,0.22259161
0.8520055,0.2907623,0.14627074
0.86996436,0.16652042,0.10227152
0.5080704,1.0,0.91813076
0.22546004,0.9425023,0.5926056
0.029402807,0.78673077,0.37045485
0.043389726,0.6266345,0.16536032
0.18935935,0.50430065,0.0
0.06407641,0.5317898,0.7326319
0.0,0.32768434,0.45623472
0.029322192,0.36295033,0.1967983
0.08350213,0.45791584,0.063528635
0.27154198,0.48137107,0.7889786
0.26711744,0.25311193,0.7648452
0.28430656,0.112599194,0.6735947
0.29608592,0.0,0.61570203
0.4691141,0.4903619,0.7834724
0.4943552,0.2829407,0.7331782
0.52334356,0.14242916,0.64608485
0.5288323,0.023192503,0.5783777
0.6704848,0.54010904,0.74199665
0.72179824,0.39671886,0.67583483
0.7700266,0.29199958,0.6455646
0.7978291,0.19042805,0.6409409
0.645981,0.9370057,1.0
0.33477655,0.9080154,0.70569545
0.08444209,0.7821471,0.4775317
0.0,0.63877696,0.2606275
0.0784968,0.5183322,0.07604952
0.124618895,0.5156109,0.76617557
0.028986493,0.32187247,0.43991524
0.020609532,0.35599604,0.15022683
0.06726943,0.44007558,0.0
0.32030705,0.4646854,0.7781981
0.2725647,0.24604733,0.6679042
0.24038455,0.11585654,0.5456482
0.21849805,0.0,0.4599039
0.5225339,0.4718365,0.7403373
0.51278615,0.2684551,0.6264769
0.5144322,0.13372742,0.51033443
0.5050751,0.0079012755,0.43446591
0.7363488,0.51616067,0.6735885
0.77202463,0.36941177,0.57094043
0.8057864,0.26379398,0.5282728
0.82358104,0.15509446,0.51074386
0.61194885,1.0,0.5168742
0.2777048,0.9451104,0.3850841
0.058319565,0.7685114,0.28445175
0.0,0.58225,0.14239901
0.062328584,0.4414759,0.0
0.11867619,0.5589789,0.6912262
0.040637717,0.35999578,0.4787474
0.009915761,0.36263886,0.22988673
0.038819484,0.41754374,0.08845339
0.2897755,0.50955385,0.64798784
0.25091898,0.27957305,0.69198906
0.2115079,0.12798138,0.6154532
0.1997554,0.0,0.5475916
0.46973157,0.5067872,0.5467671
0.43560272,0.28552228,0.5762747
0.4025995,0.14063157,0.5082024
0.38666648,0.016288253,0.43856162
0.6786471,0.5419156,0.41054845
0.6470768,0.3728102,0.41977313
0.61921626,0.25638807,0.4264986
0.585516,0.14166358,0.43707624
0.711762,1.0,0.4422483
0.3644563,0.97101533,0.35652742
0.10233444,0.80207974,0.2694247
0.0,0.6221521,0.14007083
0.01201204,0.46755892,0.0
0.17399326,0.5703659,0.61760855
0.052856617,0.37456706,0.4103429
0.014943938,0.33351734,0.18825768
0.028034685,0.34718645,0.048791725
0.3392587,0.51821524,0.5253558
0.22115213,0.2834349,0.5331312
0.14181632,0.12963037,0.44437596
0.08564067,0.0,0.3626034
0.51990527,0.5151586,0.38410205
0.4183478,0.2818866,0.38356274
0.33224452,0.13481651,0.29003778
0.26285836,0.0068494827,0.18958646
0.7408368,0.5523451,0.21252072
0.64730906,0.36836308,0.1738174
0.5727866,0.24734284,0.12791516
0.4911222,0.1278439,0.08727653
0.64831567,1.0,0.52938545
0.28594473,0.9431558,0.3844318
0.05356805,0.7547183,0.2819344
0.0,0.5607148,0.14536953
0.037239466,0.401755,0.0
0.13642174,0.5492545,0.6964331
0.05991091,0.339559,0.46461117
0.04293237,0.300037,0.20127448
0.073106274,0.32179555,0.048849385
0.33999848,0.5073013,0.6541775
0.28778884,0.2740098,0.6584391
0.2520306,0.12677297,0.5439689
0.22656527,0.0,0.44547582
0.54136544,0.51027215,0.5544717
0.51151747,0.28733057,0.55554223
0.47189146,0.14156462,0.46469033
0.43602464,0.009795985,0.3622374
0.76747006,0.54960334,0.4192536
0.7288931,0.37296477,0.39883265
0.690232,0.2547893,0.36644664
0.63445157,0.13096413,0.33789718
0.6123862,1.0,0.8772624
0.27461514,0.9657439,0.52159953
0.041298464,0.7887164,0.32451293
0.026554875,0.5977591,0.14970553
0.13199793,0.4467017,0.0
0.055078086,0.5493358,0.7729698
0.0036496269,0.3441374,0.53310955
0.0,0.31911892,0.24587554
0.047733366,0.36430246,0.07389875
0.29055268,0.4983161,0.852487
0.3194004,0.26886156,0.83460075
0.34863663,0.12053516,0.7251587
0.38677245,0.0,0.61709535
0.5120655,0.4973867,0.8641676
0.5335691,0.28913406,0.83248204
0.55498934,0.1494417,0.7356937
0.58165294,0.026525311,0.6441308
0.73971105,0.5279319,0.8262388
0.7298867,0.3643401,0.7944335
0.7335658,0.2542931,0.7613394
0.73938537,0.14452712,0.73486704
0.62037736,1.0,0.49654633
0.23156205,0.91419023,0.2688142
0.027339555,0.714558,0.16867793
0.023675228,0.5117899,0.0749654
0.092448324,0.35299394,0.0
0.022420725,0.5943693,0.6542917
0.0,0.38564813,0.49173912
0.089502394,0.30878785,0.2517614
0.21326926,0.2859274,0.09576512
0.24965486,0.555901,0.7097284
0.2793646,0.31012574,0.7028388
0.34587914,0.14323698,0.5647127
0.41554788,0.0,0.44618464
0.47921607,0.54949653,0.7100878
0.5039729,0.33142397,0.6913549
0.548802,0.17340001,0.57510275
0.60037565,0.032331415,0.48517615
0.70753175,0.5679693,0.68382835
0.69776964,0.39740765,0.6722913
0.7027554,0.27727294,0.63154376
0.7141967,0.16187482,0.6139721
0.6492345,1.0,0.16839965
0.2692464,0.91992533,0.19060907
0.054377597,0.7401065,0.1753056
0.0,0.5475619,0.09117783
0.11033833,0.40634853,0.0
0.20560858,0.5994228,0.5689428
0.14999074,0.39735928,0.39829952
0.15146291,0.4008706,0.17025052
0.20661366,0.4482502,0.062030587
0.37755072,0.5469175,0.47554323
0.33770624,0.3092067,0.5595721
0.29101357,0.14247645,0.47830325
0.27233276,0.0,0.4085726
0.5597415,0.53627026,0.33365357
0.51780695,0.30319318,0.37810105
0.47617227,0.15419467,0.31295964
0.45244694,0.033725042,0.24565291
0.753582,0.55206573,0.16818751
0.7106121,0.35675532,0.18701708
0.67305595,0.23165411,0.18963382
0.6397204,0.118155,0.19248988
0.9430077,1.0,0.74422276
0.5654215,0.9976888,0.5959378
0.28183874,0.86839753,0.42863083
0.12265863,0.72083575,0.23249139
0.0,0.5779886,0.024507882
0.29274544,0.6186121,0.68079835
0.13443342,0.4214248,0.39645445
0.09035195,0.40070355,0.13461374
0.11776416,0.42812714,0.0
0.45034063,0.56093615,0.5952505
0.30144903,0.31719548,0.4808833
0.21929127,0.15226181,0.35020396
0.16975346,0.0,0.26411796
0.63393915,0.55269665,0.46943253
0.48890957,0.3235826,0.37332284
0.4018819,0.1621406,0.25088128
0.32589906,0.017450508,0.14612919
0.8628072,0.5825137,0.31971347
0.7501483,0.40567103,0.2185539
0.66320103,0.2835172,0.13046683
0.5674687,0.16181336,0.053697396
0.6769323,1.0,0.88419783
0.35631064,0.96246845,0.6727938
0.15188709,0.8182508,0.47159526
0.04748835,0.67195725,0.26065838
0.0,0.53799874,0.051548623
0.24388176,0.5777003,0.7372541
0.17184892,0.37559533,0.43352658
0.14367558,0.37975803,0.14771067
0.16823888,0.43615705,0.0
0.41893044,0.54230404,0.6923572
0.36454552,0.30506864,0.590268
0.33211008,0.14701095,0.47208494
0.32429177,0.0,0.4014102
0.60291636,0.5539486,0.6067934
0.5462843,0.3238856,0.52112633
0.5263218,0.17165123,0.41045907
0.50709057,0.034675915,0.330991
0.8123013,0.60368514,0.49452126
0.7623121,0.4289407,0.40740785
0.731515,0.31087,0.3503105
0.69584596,0.19254138,0.30619934
0.44233197,0.91202813,1.0
0.16934359,0.8713124,0.6916858
0.015586964,0.73964566,0.4546707
0.0,0.596956,0.22850369
0.06556411,0.47884327,0.019518463
0.08894579,0.50480133,0.77398145
0.06873442,0.32584944,0.4739213
0.07204388,0.33574456,0.16442397
0.103303716,0.40215257,0.0
0.27371937,0.46492362,0.8056974
0.27106065,0.2541684,0.73682463
0.2727723,0.11713903,0.6187536
0.28242862,0.0,0.5357097
0.44749892,0.4750299,0.7867296
0.44341376,0.27382594,0.7308081
0.45062986,0.14535749,0.64407474
0.44481432,0.033258453,0.57814384
0.636146,0.5207182,0.7325048
0.6202121,0.3709557,0.6669139
0.6174344,0.27065358,0.6402599
0.60205674,0.17361212,0.6338243
0.52249646,0.75638264,1.0
0.26204127,0.72996163,0.7489319
0.086667754,0.63740885,0.53394693
0.008816336,0.53431207,0.33289334
0.0,0.43973407,0.15205285
0.17123817,0.43597528,0.65377134
0.124471165,0.27823722,0.3462196
0.11678682,0.2833229,0.11451993
0.13560335,0.32465664,0.0
0.32370383,0.4153392,0.6375806
0.3068607,0.23479511,0.44757935
0.30303538,0.11545746,0.30708688
0.30667093,0.0,0.21234289
0.48016375,0.43411994,0.59491044
0.45984945,0.270541,0.4301869
0.46943405,0.15501574,0.3042796
0.47092453,0.04495213,0.21227969
0.6528263,0.4825335,0.5287737
0.6329702,0.36132103,0.39641336
0.63408375,0.2723623,0.30430534
0.62854964,0.17726186,0.22766308
0.5875072,0.7320127,1.0
0.31148258,0.73237795,0.82117623
0.13443942,0.6360085,0.6434288
0.056721274,0.54185796,0.47645193
0.0,0.44654056,0.31492636
0.2073418,0.45283696,0.64552945
0.13269247,0.30906788,0.36244413
0.10607151,0.2927493,0.17651328
0.1269706,0.31107914,0.06902754
0.35346082,0.44034684,0.58011097
0.28168207,0.26290718,0.36334088
0.24087556,0.1333771,0.19809936
0.22327612,0.0,0.05142167
0.5103114,0.45952064,0.49361122
0.4360735,0.29973757,0.29032725
0.3980269,0.17580342,0.13535702
0.37710664,0.05232746,0.0
0.68113214,0.50427294,0.399479
0.6094685,0.38079998,0.25498432
0.57635105,0.29079518,0.15575416
0.55637187,0.19138516,0.047417328
0.6913318,1.0,0.63666755
0.3600041,0.9538679,0.6166724
0.15701367,0.78676206,0.5280453
0.07281361,0.6358345,0.3874879
0.0,0.49208632,0.22888875
0.24227913,0.5775516,0.6899744
0.15758105,0.38786152,0.41974324
0.12417023,0.38693485,0.17978567
0.1441989,0.43463758,0.053720716
0.38452163,0.54583305,0.5493223
0.31688082,0.30650386,0.463297
0.2705998,0.1462798,0.34779832
0.2545664,0.0,0.26397246
0.5358766,0.5550163,0.37473664
0.47031537,0.32302898,0.30137992
0.42585647,0.17005636,0.1891665
0.39613062,0.036979526,0.08414845
0.7248807,0.6012813,0.18957008
0.64544874,0.42383206,0.115360975
0.5902298,0.30018094,0.060760666
0.5445043,0.18070239,0.0
0.57009834,1.0,0.5999645
0.23909989,0.94907516,0.433203
0.050788876,0.7781129,0.3025868
0.0050708614,0.6045218,0.14749455
0.0,0.45609355,0.0
0.12714037,0.56101227,0.64682436
0.07681032,0.3654058,0.41959032
0.06256427,0.3577842,0.16833945
0.0912459,0.40655732,0.025716605
0.30684474,0.5158314,0.62142485
0.27390352,0.27718428,0.6271459
0.2529102,0.12946112,0.53955483
0.24728934,0.0,0.46998307
0.48366928,0.5177578,0.54271907
0.449038,0.29038918,0.5475768
0.4271412,0.14986561,0.47179142
0.4057745,0.025886657,0.39583245
0.68574345,0.5563512,0.43914735
0.6482884,0.38913533,0.42627418
0.62222266,0.2790012,0.40998018
0.5872592,0.16917735,0.411773
0.7770952,1.0,0.53542167
0.41466236,0.96656513,0.39821813
0.1334364,0.8162744,0.28758243
0.007257924,0.6379179,0.14169386
0.0,0.4809553,0.0
0.2085338,0.5713701,0.68557847
0.09408099,0.38426876,0.50053126
0.061418895,0.3295625,0.25740704
0.07307512,0.3328386,0.105865054
0.38651857,0.50665575,0.63737595
0.26245078,0.28097883,0.6707466
0.18301032,0.13548687,0.6023329
0.11065594,0.014095691,0.5464778
0.5789919,0.49206895,0.5344388
0.47539923,0.26865888,0.5510774
0.3976739,0.123953536,0.4946587
0.31191537,0.0,0.43487108
0.8057364,0.5190116,0.40303165
0.7402412,0.33736947,0.3887264
0.6956335,0.21579944,0.38094684
0.6259158,0.099916294,0.3902467
0.57473004,1.0,0.74055374
0.24885416,0.942267,0.4996478
0.03624918,0.7779632,0.3340512
0.0025050784,0.5921745,0.16294987
0.08616783,0.4461427,0.0
0.07300651,0.5453781,0.7282209
0.0019406729,0.338346,0.49399382
0.0,0.33377302,0.21430436
0.04488293,0.39556423,0.05156944
0.27662897,0.49162588,0.74697083
0.2311002,0.26253822,0.7828964
0.20382176,0.116266176,0.7112582
0.19212514,0.0,0.64264345
0.47632617,0.4923734,0.7035796
0.43950376,0.27493218,0.7212546
0.40771154,0.13131043,0.6510914
0.37430295,0.012303399,0.5822347
0.69903016,0.53242505,0.6232261
0.68127567,0.37004095,0.6075996
0.6681145,0.257379,0.601113
0.6368854,0.14736713,0.61441344
0.6674944,1.0,0.55633885
0.32152078,0.9216228,0.48216137
0.09866969,0.7536263,0.37365705
0.0,0.59139466,0.22936463
0.0034484991,0.44179457,0.08325188
0.26823705,0.52138233,0.61753786
0.19627433,0.32473564,0.39383832
0.14370552,0.3048356,0.14298506
0.13189358,0.34104395,0.0
0.4404156,0.48938736,0.52826846
0.38001198,0.26166347,0.49644172
0.3113134,0.122386895,0.39884344
0.24831963,0.0014664548,0.32470638
0.6162146,0.50487417,0.39179143
0.59268785,0.27966198,0.36011055
0.54980034,0.13090685,0.2520628
0.49744532,0.0,0.15615638
0.81056565,0.5622965,0.2445997
0.8038236,0.38216057,0.19421355
0.7807875,0.2579587,0.14427409
0.73531026,0.13679364,0.117749125
0.67546874,1.0,0.9843035
0.3384772,0.9567814,0.6990225
0.093014665,0.8180251,0.46674126
0.0,0.6619337,0.23912841
0.008282386,0.51390797,0.021890078
0.17719586,0.5367986,0.77724206
0.09338988,0.34393018,0.4884153
0.061742775,0.31632185,0.18776543
0.06826452,0.34902194,0.0
0.38808614,0.49070936,0.76619107
0.32285452,0.26565644,0.6635883
0.27798045,0.13261952,0.53320366
0.23252869,0.0220489,0.45205647
0.60358614,0.50466913,0.7010945
0.5907747,0.28113165,0.5931312
0.58779526,0.13552228,0.44764334
0.55987793,0.0,0.3440113
0.8362365,0.56527394,0.6090971
0.8449213,0.38825452,0.4990876
0.8564132,0.26363742,0.41093704
0.83965284,0.13222478,0.36131325
0.5252601,1.0,0.5639804
0.21009974,0.91294134,0.3685912
0.032859303,0.7219609,0.254081
0.006302674,0.53049415,0.1302393
0.019148443,0.37692878,0.0
0.09521667,0.52626956,0.59914726
0.0130428495,0.32640457,0.41629648
0.0,0.29298705,0.19330683
0.03169422,0.31987488,0.06467927
0.29176065,0.4910898,0.6168868
0.26866013,0.261594,0.6512011
0.26150033,0.1162329,0.56906456
0.2631131,0.0,0.49255615
0.4793676,0.505417,0.57773453
0.488857,0.29860538,0.5823681
0.48320466,0.15879111,0.48896566
0.4751889,0.043400463,0.3965632
0.67873955,0.5568568,0.51300925
0.70250267,0.40642858,0.4791823
0.70863485,0.30139464,0.44096604
0.7006259,0.20080608,0.40995023
0.46559036,1.0,0.9487933
0.17929906,0.93932,0.62851804
0.024009544,0.76909053,0.40583843
0.026395421,0.59773785,0.19859056
0.093577474,0.4575871,0.0
0.053528212,0.53055805,0.7623557
0.0,0.32224655,0.48912978
0.010438813,0.32504582,0.19951198
0.05541098,0.3972774,0.052139223
0.2713885,0.4888716,0.82788485
0.27544147,0.25786978,0.7989885
0.29028574,0.113697946,0.7078708
0.30858743,0.0,0.6459618
0.47136986,0.50371873,0.8313162
0.49788806,0.29417104,0.79163665
0.5183239,0.15403707,0.6927254
0.52212906,0.036565483,0.6188741
0.67673826,0.55561775,0.8057544
0.6977942,0.40281793,0.73456
0.7135037,0.2942193,0.6915284
0.7096419,0.1912652,0.68267256
0.5832965,1.0,0.6896195
0.2574346,0.92354804,0.53326
0.05434228,0.7512802,0.3984642
0.0,0.58107394,0.24313968
0.018343687,0.4338848,0.09249209
0.18524706,0.52683735,0.65380114
0.124070205,0.33445746,0.39708936
0.08899122,0.3101696,0.14288114
0.09206938,0.34347573,0.0
0.3680811,0.49147692,0.6021405
0.33297402,0.26315552,0.5449953
0.30189797,0.12026316,0.44845003
0.28135967,0.0,0.38017094
0.55016106,0.51136154,0.4974701
0.5564843,0.29095086,0.43150014
0.5571701,0.14369111,0.31762576
0.54651517,0.00922285,0.21924843
0.750477,0.5749784,0.3770744
0.77309144,0.4045016,0.29668412
0.7821511,0.28685126,0.23793674
0.7705524,0.16693886,0.20331714
0.64542323,1.0,0.50265443
0.30544358,0.941915,0.3916741
0.08936046,0.767425,0.28853652
0.0055912356,0.5964226,0.15313908
0.0,0.4368218,0.014774837
0.1932436,0.53974086,0.6044858
0.11360126,0.35001284,0.38953847
0.07857,0.33344084,0.14015076
0.08684006,0.3747423,0.0
0.35816327,0.49438107,0.5476562
0.30270964,0.2663757,0.5662288
0.24687308,0.12550159,0.50567853
0.1950434,0.006491226,0.46076337
0.5332711,0.5023202,0.43648916
0.5127416,0.27685192,0.42983204
0.48635694,0.12955534,0.34918463
0.44837338,0.0,0.27333003
0.7297249,0.552806,0.30882946
0.7390047,0.37925607,0.27511138
0.738373,0.2595763,0.25609824
0.7158749,0.14514047,0.25206894
0.65650743,1.0,0.6273237
0.33927464,0.97396106,0.4796351
0.07605949,0.81954175,0.35473064
0.0,0.6499377,0.21073459
0.12524447,0.52469,0.08087059
0.15600228,0.5630571,0.69382316
0.07886688,0.35209355,0.45402047
0.04319569,0.3731456,0.16749977
0.080508925,0.45404452,0.0
0.32287145,0.5084956,0.65917814
0.26921183,0.2741828,0.6691707
0.21988398,0.12482005,0.5825335
0.20701295,0.0,0.5125003
0.49709433,0.5044693,0.5617939
0.43312073,0.28236246,0.5756385
0.396461,0.14341702,0.5342783
0.3760347,0.027387377,0.48953903
0.6972722,0.5390421,0.43993425
0.63583195,0.36644393,0.43512094
0.6075148,0.2526673,0.44875103
0.58231235,0.14029445,0.47540775
0.6757821,1.0,0.69087017
0.3504678,0.9641974,0.57426894
0.07747955,0.8139121,0.45556268
0.0,0.6558244,0.308473
0.14922236,0.5607512,0.18630718
0.15231848,0.55419236,0.7347981
0.05943136,0.3572862,0.47339648
0.031806484,0.39701083,0.1741021
0.07776359,0.4878835,0.0
0.29974774,0.5035195,0.67556345
0.21776833,0.27674285,0.651674
0.15943909,0.12696618,0.54856515
0.14482227,0.0,0.4621327
0.4574063,0.5001522,0.55640364
0.37286198,0.2784467,0.55918396
0.32917172,0.13724752,0.50878805
0.30820137,0.022264397,0.45768845
0.64353263,0.5358894,0.41700134
0.57027596,0.36984557,0.418156
0.53366923,0.2542424,0.43346313
0.5088397,0.14135878,0.45328048
0.671528,1.0,0.4007856
0.31116956,0.9640013,0.24058233
0.054485697,0.78197455,0.1680095
0.017906342,0.59163517,0.07898547
0.1384497,0.46801746,0.0
0.099838436,0.56061286,0.5648169
0.017144633,0.35633305,0.3806173
0.0,0.35814214,0.14163622
0.04671338,0.4160078,0.0062263696
0.2774506,0.5016081,0.56045264
0.2188803,0.2730861,0.6418543
0.16879545,0.123963915,0.5840542
0.1466098,0.0,0.52748406
0.4608455,0.49010202,0.48869246
0.40454733,0.27021953,0.5481658
0.34713334,0.13534366,0.5074547
0.31529352,0.02333049,0.45240834
0.6727064,0.51403,0.38380742
0.6134166,0.35519287,0.41836607
0.56355274,0.24851921,0.4374908
0.5127425,0.13996434,0.45629856
0.70512986,1.0,0.9618334
0.39623207,0.98074114,0.618503
0.14682496,0.8429849,0.38856018
0.11331561,0.6717925,0.17933333
0.23482473,0.53846914,0.0
0.10283777,0.5862256,0.7803884
0.0,0.37108582,0.48089853
0.031612467,0.3968301,0.1691891
0.11902555,0.48370162,0.005628838
0.29028144,0.5197803,0.84270704
0.20538662,0.28040776,0.8216009
0.16344926,0.12536012,0.70211506
0.14529741,0.0,0.61933815
0.4808701,0.503785,0.84365404
0.3919819,0.28465497,0.82921755
0.35748363,0.1446434,0.7698473
0.32633623,0.03322683,0.71511817
0.7000017,0.5190722,0.79972136
0.6146715,0.35718316,0.7759478
0.5692632,0.24430723,0.77581984
0.52358633,0.1356931,0.7893844
0.6189992,1.0,0.9939379
0.3330379,0.97624975,0.6028096
0.110313356,0.8341305,0.36563402
0.14401694,0.67345047,0.16623306
0.28833327,0.5546281,0.00784937
0.061702725,0.58534205,0.7540585
0.0,0.3742558,0.4300353
0.08201657,0.42397735,0.13153584
0.17199199,0.51749176,0.0
0.24985778,0.52168626,0.8507321
0.18795069,0.28507945,0.8116219
0.17846674,0.1297275,0.69694346
0.16696967,0.0,0.62853754
0.43177882,0.5054369,0.88373506
0.36803168,0.2946794,0.8587029
0.35959238,0.15707445,0.80696005
0.33648637,0.04899608,0.7755641
0.63253427,0.52420896,0.8653916
0.5737484,0.36835515,0.83510524
0.554792,0.2574436,0.84246045
0.52508515,0.1490546,0.86957866
0.65061015,0.839886,1.0
0.37150165,0.8432286,0.75065184
0.11551851,0.750978,0.5136346
0.052743234,0.63801444,0.28283644
0.16460353,0.53446966,0.10204864
0.1264935,0.4900392,0.744021
0.0,0.32515475,0.40430525
0.015115376,0.3829743,0.12710214
0.08637031,0.47313586,0.0
0.283392,0.43896466,0.72651213
0.1916954,0.24494214,0.599026
0.14336413,0.114485726,0.47855464
0.11431466,0.0,0.40259418
0.4550467,0.43556806,0.66132456
0.37713036,0.2521027,0.5589545
0.3439086,0.123062246,0.46977592
0.31150085,0.010544613,0.4051169
0.6519889,0.46503583,0.5654188
0.56861985,0.3189102,0.4788874
0.53181684,0.21438295,0.43288013
0.49382964,0.11133849,0.40374318
0.57337993,1.0,0.76155496
0.26093772,0.9239928,0.5719002
0.042407673,0.7652894,0.41137424
0.0,0.60058373,0.25093505
0.16257206,0.50921667,0.11671094
0.24822877,0.53156686,0.7395843
0.21622394,0.32787192,0.46547005
0.1871531,0.35965106,0.16569823
0.19408917,0.443811,0.0
0.4370942,0.49863237,0.71452993
0.40894222,0.2786876,0.68664575
0.37397742,0.1319658,0.5642301
0.35219908,0.0,0.44955322
0.6195882,0.5137363,0.63006455
0.58940923,0.29749712,0.6153677
0.5672357,0.15951507,0.53614837
0.54154533,0.040705748,0.44833627
0.8199752,0.5667646,0.51206356
0.78434205,0.39708418,0.4958633
0.7687879,0.2821848,0.48046482
0.7428571,0.16932127,0.46728185
0.6655808,1.0,0.6083395
0.33923367,0.92410696,0.51965207
0.09588778,0.7671132,0.40166843
0.0,0.611665,0.2553318
0.1357509,0.52312666,0.13804181
0.30430567,0.5227783,0.66113174
0.22503535,0.32352102,0.41664723
0.18993203,0.36078,0.1508661
0.20400785,0.4407071,0.0
0.46839398,0.49468914,0.5799858
0.39351842,0.2696105,0.51882946
0.33613732,0.13038078,0.37996387
0.30273548,0.0,0.26433814
0.63646674,0.5133549,0.45286638
0.5937073,0.29719782,0.41575474
0.5677844,0.16162933,0.31961885
0.5469207,0.041108675,0.22893178
0.8232956,0.5705608,0.3079318
0.78628385,0.4074469,0.27286416
0.7650916,0.2911194,0.23809165
0.7363888,0.17485656,0.20497167
0.52323055,1.0,0.8798175
0.21552974,0.91429335,0.6373811
0.011594578,0.7473693,0.42972136
0.0,0.5789625,0.22448958
0.20233107,0.49706215,0.05164216
0.24625325,0.50711715,0.79049665
0.23619449,0.29655814,0.46523222
0.20098302,0.32864946,0.15623923
0.19245112,0.41671786,0.0
0.45624152,0.48348856,0.77950394
0.46403706,0.26624712,0.7120945
0.46248433,0.12395926,0.58083016
0.46834263,0.0,0.47501084
0.6508523,0.5149873,0.70578104
0.6621291,0.3020449,0.66703856
0.668323,0.16415335,0.5734439
0.6658355,0.04397704,0.4747438
0.8568168,0.5893031,0.5929583
0.84514374,0.41853893,0.5470806
0.8425479,0.30295983,0.502311
0.8245427,0.18882021,0.46321228
0.4853902,0.9800368,0.8106929
0.19897358,0.88093776,0.55246925
0.0062006577,0.7236933,0.34775114
0.0,0.5680311,0.15382107
0.19118164,0.4813045,0.0
0.23564364,0.49093798,0.71936643
0.24406722,0.27803677,0.43701822
0.21092698,0.30781877,0.15783475
0.19835469,0.3987017,0.0015878512
0.44427505,0.4714125,0.7256173
0.48129174,0.25240424,0.6610703
0.50367635,0.11851088,0.5403625
0.53082263,0.0,0.44380108
0.633843,0.50497025,0.677345
0.6856616,0.30097705,0.61521375
0.7293241,0.16763897,0.519373
0.7576218,0.045901746,0.44025022
0.82270634,0.5784346,0.59006923
0.8954126,0.42657286,0.5299675
0.9570553,0.31978768,0.49153808
1.0,0.21047278,0.4755541
0.41129795,1.0,0.587894
0.14456508,0.89502144,0.31710038
0.0,0.6975878,0.18484211
0.09672496,0.5298315,0.06784337
0.34001404,0.46577263,0.0
0.19231229,0.47301477,0.61136174
0.23258924,0.26641437,0.37687767
0.23934422,0.3082314,0.1319209
0.2552786,0.4065153,0.002595983
0.40891382,0.45311818,0.6772197
0.5033816,0.23891456,0.70301753
0.5885581,0.10900596,0.63724375
0.6679752,0.0,0.5807673
0.5886408,0.487077,0.67137307
0.69265103,0.29864898,0.6835711
0.78567857,0.1727995,0.6584073
0.852954,0.06053711,0.62487173
0.76246053,0.56416756,0.62433505
0.8572645,0.42362162,0.6358169
0.9359525,0.32609537,0.65468895
0.9970425,0.22722173,0.68969613
0.46546385,0.8224976,0.5807784
0.23530099,0.73924214,0.40831223
0.047771122,0.6120946,0.2689035
0.0,0.48243174,0.12409117
0.11095244,0.4081929,0.0
0.20944832,0.41100198,0.4939115
0.16592178,0.2531564,0.30313203
0.14730003,0.2688205,0.12684959
0.15047616,0.33294672,0.02044345
0.38605398,0.38294148,0.48791596
0.39097932,0.19858398,0.42227903
0.3998937,0.08989992,0.3401838
0.41370893,0.0,0.28243506
0.5514437,0.4046428,0.441088
0.59779185,0.24399973,0.36817467
0.63994557,0.13338107,0.29014412
0.6711962,0.033702675,0.23782647
0.71358216,0.46623424,0.3697971
0.82567286,0.36130798,0.30890667
0.91900665,0.2863848,0.26601928
1.0,0.20641355,0.23797794
0.60079914,0.922189,0.5843128
0.32783726,0.8538315,0.412797
0.08716769,0.7155931,0.2796084
0.0,0.57087576,0.13927096
0.119656526,0.48175207,0.035678886
0.22788887,0.47273764,0.5576575
0.15786393,0.2951514,0.34717235
0.14156714,0.3285109,0.13225205
0.16590956,0.4112141,0.0
0.40910205,0.43426573,0.5449265
0.37730923,0.22937922,0.5110981
0.3552658,0.10545623,0.41751274
0.3454209,0.0,0.3453478
0.5926652,0.45111653,0.48295686
0.6137833,0.2676615,0.42589736
0.6315791,0.14216681,0.35088968
0.6430757,0.028952,0.2898913
0.7806279,0.509538,0.4002959
0.86934465,0.3783011,0.3247079
0.94185996,0.28221735,0.28525692
1.0,0.18445262,0.26990485
0.5202087,0.8804391,0.8447686
0.26782903,0.80949014,0.5787496
0.06716926,0.6978949,0.36992484
0.0,0.5692227,0.16521199
0.10803489,0.47513077,0.0
0.21998441,0.44618845,0.7218164
0.177713,0.2795129,0.50422645
0.16856019,0.3096129,0.27589568
0.18037623,0.38749924,0.13377962
0.40842938,0.41221872,0.74950963
0.39841393,0.21889468,0.71792006
0.39598498,0.10160436,0.62302136
0.39742446,0.0,0.555377
0.59038275,0.4295564,0.72719336
0.6378248,0.25515604,0.69099903
0.6707059,0.13455775,0.60533106
0.6807609,0.025440967,0.55007493
0.7752368,0.48588324,0.6686813
0.8697884,0.36198786,0.62732804
0.9466245,0.27056435,0.58846474
1.0,0.17716572,0.57998997
0.7497497,0.929473,0.66649336
0.4482572,0.86507946,0.5335669
0.17752852,0.74688655,0.4008066
0.0028389879,0.63918775,0.23602901
0.0,0.5392451,0.07515523
0.30861092,0.49572575,0.61752295
0.156715,0.31995794,0.38157457
0.065860644,0.3562923,0.13980283
0.04857206,0.44255534,0.0
0.46682647,0.45339748,0.55214065
0.38626915,0.23772758,0.48671356
0.3174441,0.10713325,0.37065327
0.27334455,0.0,0.28293282
0.64339215,0.46726415,0.43929604
0.6304774,0.26453906,0.35808232
0.6216408,0.12402191,0.25189373
0.61207664,0.0016142717,0.17584021
0.82527983,0.5258712,0.30984494
0.8954371,0.37936717,0.19666566
0.9518456,0.26737794,0.11690164
1.0,0.15206829,0.06348362
0.49386728,0.8402753,0.94139224
0.27397576,0.7836904,0.63380337
0.07144168,0.68990296,0.39965484
0.0,0.5942527,0.1749529
0.1274382,0.5231871,0.0
0.24898171,0.41376242,0.7428083
0.19450755,0.2675152,0.5070751
0.1907304,0.3465408,0.29826754
0.21575564,0.45018545,0.19057444
0.4299054,0.38147384,0.78437525
0.4520923,0.20510738,0.74524796
0.4776773,0.09668581,0.64781207
0.5067818,0.0,0.56744605
0.6009651,0.4037471,0.77744955
0.66956085,0.24840055,0.73499286
0.7160386,0.13648075,0.64890486
0.7474993,0.03594294,0.5941427
0.7649166,0.46218288,0.72787225
0.8649549,0.35062987,0.67484987
0.9414886,0.26608217,0.6400399
1.0,0.17847624,0.63132155
0.39299563,0.937893,1.0
0.13850836,0.8581977,0.6138019
0.0,0.71813124,0.37630236
0.066368945,0.5843134,0.16698018
0.23966224,0.48179752,0.0
0.0978439,0.46478155,0.8513865
0.14526525,0.29043663,0.5576083
0.23241697,0.33302766,0.26859975
0.3015574,0.4208033,0.118340224
0.31028003,0.43081945,0.94441664
0.37617373,0.22718711,0.9338407
0.4637907,0.10509262,0.8316028
0.53672945,0.0,0.764281
0.5010576,0.45438853,0.96497244
0.5812905,0.2663744,0.93026346
0.66710263,0.14512224,0.84525543
0.7209507,0.03387723,0.77850443
0.69354206,0.5221306,0.93279445
0.78172314,0.3901368,0.89762133
0.86148,0.3001604,0.8763698
0.91579604,0.20671232,0.8756114
0.49252743,1.0,0.81360996
0.20272641,0.91493326,0.5190643
0.008724202,0.7674193,0.33485946
0.0,0.6097797,0.15055627
0.11071603,0.5112226,0.0
0.112568974,0.50538355,0.75438803
0.06387068,0.33925912,0.5473565
0.06965321,0.34089682,0.28345585
0.10431347,0.39257368,0.101091065
0.32456386,0.45888272,0.7991022
0.33452484,0.24494839,0.7999669
0.3580395,0.11646044,0.672016
0.3944642,0.0,0.56752205
0.52326286,0.4702845,0.7836576
0.550682,0.27092046,0.7677241
0.5827396,0.14586766,0.68248916
0.6106443,0.027226998,0.6133826
0.72854334,0.5284042,0.73297983
0.81910264,0.39167944,0.70986533
0.88431543,0.29448307,0.67893445
0.93970317,0.19327354,0.6643903
0.60027313,1.0,0.83515203
0.29253012,0.94706005,0.5786677
0.07098799,0.80784905,0.37149137
0.0,0.65761447,0.16520505
0.14032736,0.54850185,0.0
0.25030237,0.53952175,0.78046095
0.21464577,0.33923012,0.4879948
0.18002895,0.37025258,0.18256596
0.19391899,0.4582319,0.01802353
0.42635944,0.49858007,0.79125583
0.422564,0.27804288,0.76640993
0.4170392,0.13000472,0.65412664
0.43775886,0.0,0.55677897
0.59690005,0.51055187,0.7384557
0.5870966,0.30102387,0.74145937
0.58883107,0.16342299,0.6838374
0.59655374,0.046262342,0.61467165
0.78113663,0.5596884,0.64327025
0.7512177,0.39562938,0.6487192
0.7418406,0.28473234,0.6403653
0.7314226,0.17981932,0.6299477
0.77297986,1.0,0.5557572
0.4092555,0.9646537,0.44719025
0.13923495,0.8316398,0.31794617
0.0,0.6942869,0.14961094
0.043814614,0.56491905,0.0
0.27977687,0.54500806,0.68291324
0.19219688,0.3415514,0.44290107
0.14161989,0.36192352,0.17473118
0.1591662,0.4412777,0.031051597
0.43981573,0.50154513,0.61393076
0.38592473,0.27239338,0.6041211
0.34079707,0.12663606,0.52281255
0.31710696,0.0,0.47374678
0.6116317,0.5075883,0.48195073
0.5573037,0.28717017,0.48879862
0.5153685,0.14423713,0.42744422
0.47756803,0.019267563,0.3675292
0.8124249,0.55333304,0.3219509
0.7508354,0.38231337,0.31909433
0.7026267,0.26534706,0.3022099
0.64893484,0.14901994,0.29386157
0.70529944,1.0,0.68547887
0.35938376,0.9565921,0.5089475
0.104181916,0.8082481,0.34629366
0.0,0.6507214,0.15721996
0.10375679,0.5206902,0.0
0.2875581,0.5099588,0.84954566
0.23374735,0.29602948,0.605543
0.19998176,0.3256418,0.32006234
0.21965407,0.41871315,0.16642034
0.47875008,0.46513757,0.8176617
0.47588435,0.24490583,0.84331983
0.4616665,0.11261444,0.76674676
0.4543532,0.0,0.71015507
0.66442215,0.47364104,0.7036223
0.66341966,0.26296234,0.7283582
0.65561527,0.131294,0.66246456
0.64526945,0.014582262,0.59810203
0.8723105,0.5236934,0.55078316
0.8540794,0.34741557,0.56736183
0.8371772,0.2314331,0.54691094
0.8104196,0.11481257,0.53580815
0.48654094,1.0,0.8744333
0.19745038,0.9564955,0.49174836
0.0,0.7864643,0.28374058
0.031014126,0.6036485,0.11618936
0.21485844,0.46852788,0.0
0.08366323,0.5249383,0.7727628
0.110232025,0.30710983,0.49242607
0.18747,0.31403884,0.1982549
0.2724941,0.38772953,0.040671825
0.2999704,0.4761688,0.8593019
0.36563528,0.25372076,0.855891
0.45342878,0.117776535,0.7784527
0.53738916,0.0,0.70882976
0.49883735,0.48054254,0.86605155
0.55632114,0.27652675,0.8503776
0.6236103,0.142454,0.8064554
0.6760147,0.01993414,0.7592674
0.71068394,0.5273318,0.82048655
0.73119986,0.35761592,0.80936676
0.766763,0.24186419,0.8098719
0.7960888,0.12149349,0.82076347
0.7127862,1.0,0.46750677
0.3502768,0.962729,0.3175134
0.0917865,0.79873693,0.23035097
0.0,0.61743754,0.11150259
0.07952912,0.47251838,0.0
0.16295289,0.56604147,0.75181323
0.116279975,0.3662795,0.57553715
0.12172648,0.3483269,0.32775852
0.17345169,0.3915416,0.17828861
0.3366835,0.5087258,0.72596854
0.32153782,0.2824717,0.81173253
0.31424972,0.13119943,0.75196886
0.31739664,0.0,0.69201314
0.5165957,0.4998895,0.62800634
0.48736948,0.2849638,0.67761064
0.47227257,0.14569613,0.6332837
0.4592797,0.02242962,0.5808031
0.7225326,0.52845514,0.48551202
0.6753236,0.35769016,0.51390654
0.6516579,0.24365802,0.5196737
0.6191826,0.12924609,0.530188
0.8029192,1.0,0.53738344
0.42121264,0.958077,0.43794116
0.14016964,0.8169026,0.3125486
0.0,0.6650814,0.14377649
0.070778035,0.5283458,0.0
0.28803653,0.51633525,0.7809195
0.2046505,0.31302628,0.584316
0.17458537,0.31624645,0.33021894
0.19822687,0.3788133,0.1875148
0.4649273,0.46940565,0.70283365
0.40502414,0.24844973,0.74545854
0.35071358,0.116411656,0.6929676
0.30279705,0.0051819067,0.6530174
0.6554523,0.46968442,0.55196476
0.60218173,0.25094882,0.59259874
0.54590034,0.11614418,0.54410285
0.48952892,0.0,0.48547056
0.8790349,0.5133997,0.36751986
0.8230114,0.33622152,0.38590443
0.7656753,0.21725763,0.38036698
0.69481677,0.09965805,0.3796974
0.7398313,1.0,0.8629321
0.41697833,0.955536,0.58130556
0.13415486,0.82549477,0.3718458
0.0,0.666561,0.16431355
0.10715131,0.53152096,0.0
0.2762291,0.5456641,0.8133775
0.17099452,0.3352219,0.53172076
0.13253744,0.36218882,0.2035549
0.15502393,0.44971687,0.0052646142
0.46267533,0.48957682,0.82947004
0.40341112,0.26614398,0.8141125
0.35774633,0.12345596,0.6954018
0.32738638,0.0,0.59158474
0.65752894,0.48901495,0.7746899
0.63423926,0.27521974,0.7584136
0.62623554,0.13026926,0.6862007
0.60984755,0.0021626358,0.61788785
0.87164116,0.5265507,0.68213975
0.8691319,0.35249177,0.66198295
0.88058335,0.2311853,0.6546852
0.8779604,0.11591784,0.6557934
0.5882218,1.0,0.85594344
0.2713347,0.9295738,0.5660867
0.058197346,0.77450085,0.36417112
0.0,0.607256,0.16518192
0.10788067,0.4862797,0.0
0.23741072,0.5189222,0.83028334
0.21991847,0.31528267,0.5697049
0.21071044,0.3326249,0.26467264
0.23259054,0.4096177,0.08649947
0.43713054,0.4825423,0.8505795
0.48795292,0.25990343,0.8586869
0.523592,0.1219752,0.75824136
0.558036,0.0,0.67480624
0.6246808,0.49871644,0.80269957
0.6775693,0.2910335,0.79676825
0.72752976,0.15780182,0.7307554
0.76073354,0.037913736,0.67315
0.8214022,0.55350643,0.71150154
0.88271344,0.39241305,0.700646
0.9323368,0.28084484,0.6950715
0.9684087,0.17096676,0.69562835
0.8923829,1.0,0.86150366
0.5461661,0.9930536,0.59582466
0.20592077,0.8967974,0.3924911
0.0,0.76490104,0.17461874
0.04214413,0.6272148,0.0019750334
0.24795938,0.6013658,0.8108
0.050530892,0.40192476,0.5110908
0.015631497,0.43796545,0.18892594
0.06150657,0.52698845,0.0
0.41959,0.52020985,0.7986598
0.28141752,0.29877692,0.7679152
0.17869559,0.1561103,0.63996476
0.09367623,0.030374652,0.52957475
0.6200958,0.49816135,0.71515036
0.52859837,0.28083637,0.6779084
0.47654846,0.13111575,0.5968695
0.41627666,0.0,0.52735144
0.855195,0.5171299,0.596516
0.82314426,0.34189388,0.53944206
0.81283045,0.214037,0.5131097
0.79128176,0.091802485,0.5091894
0.653671,0.7978199,1.0
0.38851386,0.8141929,0.7341181
0.14296865,0.7446796,0.50861335
0.0,0.65301687,0.295335
0.007297129,0.55194706,0.12560676
0.16324316,0.4897167,0.7123654
0.04478025,0.32109988,0.37710047
0.041501407,0.36343387,0.108587965
0.090063006,0.4396858,0.0
0.30920777,0.44426078,0.7067434
0.21954818,0.25133395,0.5696385
0.16729407,0.12054874,0.44635636
0.12897052,0.0,0.36572683
0.47196686,0.44430828,0.6585813
0.38938776,0.26859573,0.54509604
0.34839857,0.14472698,0.44101575
0.30664712,0.034271393,0.36988437
0.656464,0.47482952,0.57987934
0.57770103,0.3410519,0.47981828
0.53098667,0.24069902,0.40882385
0.48434916,0.14102562,0.35095817
0.51982445,1.0,0.9208738
0.20477007,0.9713811,0.65071166
0.0,0.829571,0.4372556
0.025564639,0.6830187,0.24394737
0.1951699,0.59819436,0.09390704
0.09668664,0.558114,0.7252295
0.040860347,0.3599381,0.41317922
0.034352932,0.40155452,0.13990662
0.07780634,0.49562567,0.0
0.28688803,0.5126216,0.7352714
0.2651456,0.2853429,0.63953245
0.26027322,0.1330238,0.51037467
0.27886772,0.0,0.41306734
0.47349015,0.51803917,0.69933236
0.4497,0.30749676,0.62051797
0.45660883,0.16626887,0.54517215
0.46195635,0.042809807,0.4796868
0.67913467,0.5633298,0.62362146
0.6469214,0.40489915,0.55214375
0.6378783,0.29849875,0.529057
0.62724835,0.1913945,0.50983316
0.5456894,1.0,0.85839415
0.23981173,0.9656979,0.5351357
0.045385398,0.8073157,0.34219748
0.0,0.64027315,0.16229513
0.05362457,0.4942486,0.0
0.1078183,0.55868983,0.8038113
0.06762829,0.35777223,0.51222193
0.06741311,0.3767812,0.18466187
0.10818685,0.45997253,0.005713731
0.2993759,0.5074887,0.86448795
0.27969706,0.27638158,0.8882496
0.26072332,0.12862398,0.80898166
0.2506958,0.0,0.7362273
0.48179552,0.5086075,0.8527773
0.45050153,0.2940469,0.86748576
0.43098807,0.16104703,0.8287365
0.40789628,0.042622782,0.77652276
0.68596315,0.54846585,0.79207945
0.6438484,0.39303672,0.7946924
0.6317128,0.29037368,0.8213003
0.6083076,0.18812348,0.85226005
0.61849535,1.0,0.7465382
0.2957734,0.95527285,0.5323956
0.07498632,0.8067036,0.35815075
0.0,0.6478005,0.17193225
0.032125056,0.5080804,0.0
0.1644809,0.5501958,0.6918447
0.095998324,0.3487107,0.44212788
0.06626739,0.35698026,0.17641501
0.08472482,0.4245916,0.021324579
0.35255942,0.50412595,0.67595565
0.29366606,0.26608163,0.65977114
0.24893816,0.12153915,0.5628674
0.22369295,0.0,0.4933056
0.5352924,0.50989676,0.60714453
0.47730437,0.28204826,0.58520734
0.44215643,0.14067128,0.49952447
0.4078609,0.016954528,0.42066416
0.74282163,0.55529565,0.50817454
0.68825346,0.38295257,0.46234435
0.6493926,0.27286133,0.42413452
0.5997087,0.16459626,0.40309787
0.5914632,1.0,0.53946865
0.2468818,0.9483294,0.35610086
0.03715792,0.7743198,0.24806045
0.0,0.5908559,0.12014171
0.06043288,0.44268176,0.0
0.12430504,0.5454058,0.6751648
0.08305137,0.3514555,0.49628353
0.08584215,0.34332833,0.24330083
0.1277844,0.3957231,0.08532719
0.30948222,0.49596697,0.6899261
0.2766789,0.26289448,0.7960515
0.2545232,0.11870536,0.7475487
0.24413736,0.0,0.69412476
0.48819405,0.49248782,0.64314747
0.45242423,0.2721809,0.7149869
0.42281803,0.13386099,0.6623393
0.3985812,0.018180305,0.59277445
0.6922858,0.5242857,0.5643048
0.65056527,0.36421907,0.607558
0.6201114,0.258754,0.62437356
0.5775387,0.15595722,0.64647925
0.52368045,0.8775118,1.0
0.2598021,0.8585895,0.68397874
0.08375446,0.75731605,0.44101462
0.007846517,0.63425964,0.21390916
0.01576201,0.50630975,0.0
0.08053382,0.5121542,0.7543043
0.0074276747,0.33956832,0.47040275
0.0,0.32665315,0.17892756
0.03309277,0.36849776,0.017738905
0.23895241,0.4578883,0.796761
0.16942771,0.2509448,0.7412836
0.1386225,0.114684336,0.6401385
0.119353,0.0,0.5676721
0.39963925,0.45299613,0.7892633
0.33923584,0.25374925,0.75084066
0.314925,0.11954195,0.6575575
0.28900436,0.0030531962,0.5861496
0.5859277,0.48279783,0.7477434
0.5257681,0.32956317,0.7184326
0.49940383,0.22662573,0.69887364
0.4680795,0.13167702,0.7031766
0.7623415,1.0,0.8098195
0.43623576,0.94723696,0.6343259
0.1920341,0.82444435,0.4542084
0.029236117,0.6997257,0.2438395
0.0,0.5657931,0.03221464
0.3199477,0.56327504,0.7402982
0.18038943,0.3660642,0.45069927
0.08384467,0.39840278,0.15424673
0.07014367,0.4814914,0.0
0.474951,0.5195255,0.68420076
0.39278516,0.27878702,0.613948
0.33267528,0.12785164,0.5006221
0.30390108,0.004929104,0.43274325
0.6491163,0.52637386,0.5793524
0.58654785,0.29092267,0.5132963
0.5542716,0.1344141,0.40387875
0.5245543,0.0,0.32461902
0.8437268,0.57197,0.44861892
0.79185677,0.38676858,0.3629447
0.75819683,0.26228294,0.30687875
0.7167417,0.14519402,0.28016123
0.5758887,0.74209434,1.0
0.3498808,0.73606044,0.6822194
0.13210928,0.69729084,0.4189162
0.0,0.6330349,0.18384837
0.06327134,0.5629932,0.0
0.18864338,0.43576404,0.6727299
0.106956944,0.31262073,0.37521437
0.12006777,0.35756811,0.12952986
0.15677962,0.42153373,0.0039434186
0.33952186,0.3874972,0.6879391
0.28168094,0.21407539,0.5569456
0.26473108,0.10593697,0.4184459
0.24958323,0.0,0.31559226
0.50123125,0.3860632,0.66026455
0.48184252,0.22176468,0.5261179
0.49038398,0.10940151,0.40404418
0.4839052,0.0040414566,0.32099113
0.6776502,0.4178393,0.6084627
0.6997871,0.2951335,0.49936798
0.7321517,0.20844112,0.44504562
0.7490256,0.11873823,0.41446954
0.37480146,0.7060127,1.0
0.1896381,0.6845408,0.66310316
0.021046292,0.62652385,0.4045292
0.0,0.5749105,0.17413872
0.106397815,0.506444,0.0
0.09703456,0.381002,0.6713403
0.061958708,0.27751628,0.40178838
0.105593175,0.35178873,0.23331279
0.15348461,0.4312043,0.17428945
0.24952829,0.34048665,0.7152309
0.25911215,0.18899159,0.61796606
0.28152648,0.09328145,0.50658506
0.29219824,0.0,0.41695243
0.40280592,0.34750345,0.7196953
0.43981782,0.20028235,0.6325129
0.46966696,0.10802458,0.5462979
0.4825112,0.01869805,0.48768622
0.5580417,0.3856153,0.68721
0.6168147,0.27711686,0.6058901
0.6609746,0.19897945,0.5706708
0.6923463,0.11236216,0.5577729
0.49665466,0.8980607,1.0
0.22012633,0.8512665,0.6878498
0.05290621,0.7246051,0.45086476
0.0,0.5902323,0.2223805
0.02027727,0.45556724,0.010116534
0.10497994,0.48843202,0.7958936
0.05298149,0.30691454,0.46967795
0.05330511,0.32777932,0.1582026
0.088381164,0.40429685,0.0
0.2866672,0.4475318,0.82786304
0.27162382,0.23817846,0.7539416
0.2793431,0.109152064,0.6517402
0.2895867,0.0010223003,0.5884053
0.46452543,0.45708263,0.80214345
0.4648828,0.25672525,0.7299132
0.4829849,0.121131815,0.6304371
0.48787454,0.0,0.55915415
0.6582562,0.5025944,0.74239504
0.6620528,0.3492898,0.675779
0.6806138,0.24132594,0.6457906
0.6825841,0.13718933,0.6421062
0.6524815,0.9334701,0.8915944
0.3500249,0.8863541,0.6235029
0.13090672,0.76471746,0.41501936
0.030617226,0.6243162,0.20932111
0.0,0.49441457,0.0
0.147833,0.5301537,0.70045215
0.058684852,0.34513986,0.42350912
0.08359736,0.35226804,0.19608885
0.14638244,0.41514754,0.086115554
0.34526023,0.4789435,0.7100123
0.28818172,0.25544357,0.61027825
0.27496794,0.12095749,0.50386184
0.26829743,0.0,0.44423148
0.55419457,0.48365706,0.6764315
0.53568876,0.27088755,0.55958205
0.54831165,0.13544194,0.4260345
0.54816157,0.009261151,0.33507204
0.7759867,0.5326165,0.61613387
0.86780494,0.38547793,0.49296263
0.94366455,0.2837167,0.40791357
1.0,0.17697927,0.35455632
0.73936236,0.9819507,0.95612955
0.409993,0.9347515,0.6669043
0.20206982,0.8046278,0.45054948
0.10179408,0.65906125,0.22964858
0.0,0.5225498,0.0
0.2029563,0.5509766,0.76722884
0.05414412,0.3778955,0.47881743
0.043137986,0.37786227,0.22538091
0.09580976,0.43028438,0.11554277
0.4107047,0.4980097,0.779592
0.35134292,0.26798826,0.6791227
0.3427807,0.12602735,0.5582891
0.345764,0.004712658,0.48371783
0.6273827,0.5078639,0.7413051
0.64052206,0.28756803,0.6102261
0.6759268,0.13884604,0.46130398
0.69166553,0.0,0.37829927
0.84701806,0.56400454,0.67911637
0.90731895,0.40627784,0.5397197
0.96270347,0.29592916,0.44706208
1.0,0.17597479,0.39534637
0.56853396,1.0,0.8743766
0.27782768,0.9270678,0.56935364
0.12783109,0.7587513,0.37386158
0.115214296,0.5859894,0.18808286
0.11000028,0.43367076,0.0
0.11601261,0.5364003,0.78384143
0.0063750944,0.34943587,0.5429754
0.0,0.33320484,0.27661145
0.032507833,0.37894094,0.12524407
0.32597554,0.48785225,0.841839
0.2545918,0.26515856,0.84523535
0.23097736,0.12068084,0.762395
0.2037023,0.0,0.69063985
0.5265564,0.4936282,0.8399571
0.47972006,0.2875602,0.8306242
0.44357693,0.15117365,0.73729193
0.39443588,0.03344107,0.6566948
0.740736,0.535258,0.7973098
0.72804296,0.38100034,0.76468354
0.71669817,0.27467424,0.7407425
0.68255407,0.16684167,0.72893876
0.63263416,1.0,0.7228304
0.30620176,0.956124,0.4874401
0.084083825,0.79219913,0.33191982
0.011360933,0.6198592,0.16075954
0.032429226,0.46990874,0.0
0.12819542,0.55688345,0.71822065
0.032673232,0.3490627,0.45195237
0.0,0.35831538,0.166461
0.023504378,0.425257,0.00518874
0.31226894,0.50053996,0.7238241
0.25080365,0.26568484,0.73632056
0.19208105,0.12066817,0.65529495
0.14869836,0.0,0.58064324
0.49969846,0.4964982,0.66593796
0.44056642,0.2737927,0.66193753
0.38509253,0.1301941,0.58079207
0.33199033,0.005210707,0.49330142
0.71405333,0.531461,0.57214606
0.646767,0.36522263,0.53952324
0.5981201,0.2564546,0.5130979
0.5341249,0.15319522,0.49782047
0.5887199,1.0,0.7990584
0.27270007,0.9303039,0.54945487
0.093442746,0.7637769,0.3640947
0.053991824,0.59052527,0.17700094
0.014252209,0.43862742,0.0
0.115456,0.53501207,0.67015785
0.026121175,0.34800002,0.4384907
0.0,0.29503804,0.20197693
0.015355984,0.2982338,0.06632448
0.30965146,0.48968458,0.6815077
0.247736,0.26579973,0.6234307
0.20715535,0.12231821,0.5076737
0.17174613,0.0,0.42420304
0.507334,0.4977046,0.6427014
0.4714365,0.28209713,0.58843297
0.44074163,0.13770461,0.460709
0.3965628,0.008697778,0.35466275
0.7261599,0.54488266,0.57714725
0.71012616,0.37542358,0.5065877
0.69188935,0.25877282,0.43930498
0.64969534,0.14837995,0.3927966
0.7480538,1.0,0.54757494
0.37638316,0.9251463,0.4183498
0.13335495,0.7608946,0.29312775
0.034177125,0.58548844,0.13947748
0.0,0.43250677,0.0
0.2316617,0.5156964,0.60487974
0.12169627,0.3262942,0.4248077
0.07099968,0.2832554,0.22505838
0.06405473,0.2923155,0.114011526
0.4151068,0.47064635,0.5680223
0.34283823,0.24197136,0.5745561
0.28668535,0.10755388,0.50010943
0.234576,0.0,0.45103398
0.6045998,0.47785223,0.48794052
0.5652392,0.25849903,0.48998246
0.524501,0.120110154,0.3925173
0.4705707,0.0014519393,0.3015126
0.8180971,0.5221882,0.38526806
0.808752,0.34846768,0.3612639
0.77790487,0.23333836,0.3020918
0.7174604,0.12645762,0.26379865
0.5854914,1.0,0.83620125
0.2981121,0.9532102,0.49792823
0.10217162,0.790031,0.3106976
0.05825408,0.6118623,0.1441611
0.08232706,0.45845568,0.0
0.085927814,0.5584974,0.7221243
0.0,0.3637529,0.48818332
0.024391107,0.32977495,0.2160808
0.0943897,0.3609524,0.04795739
0.27754158,0.5036801,0.8085599
0.2209259,0.27752516,0.7966031
0.21890366,0.12677422,0.6874808
0.23550098,0.0,0.5979719
0.47120512,0.49753886,0.8264098
0.43677333,0.2894286,0.8112888
0.4283395,0.14370103,0.70998603
0.41283783,0.01562549,0.6176429
0.6853664,0.52670014,0.8076618
0.66648686,0.36372662,0.7797777
0.66583794,0.2497698,0.7554606
0.65420437,0.13758835,0.74375135
0.744605,1.0,0.6111252
0.3823674,0.9447537,0.4544496
0.15846626,0.7682387,0.33251157
0.08002244,0.5767657,0.1753859
0.0,0.41244963,0.0
0.14062208,0.56673443,0.66882163
0.028704777,0.3786138,0.48265964
0.036926005,0.3223083,0.27091676
0.09104895,0.30437386,0.1420767
0.32596928,0.5089964,0.6575232
0.22751358,0.28345385,0.6600272
0.18532895,0.13277678,0.56913036
0.15199974,0.0,0.48347104
0.5289989,0.5002227,0.5957142
0.45525232,0.2840009,0.5910766
0.40324852,0.13978438,0.48733163
0.35036033,0.0088799605,0.38415143
0.764081,0.5311812,0.50463367
0.7031495,0.36217186,0.479883
0.6645987,0.24083509,0.43860447
0.61096495,0.11911404,0.40693083
0.8541754,0.90576434,1.0
0.5162493,0.8946822,0.8281226
0.2520382,0.78083426,0.6594754
0.076098144,0.67548406,0.45924962
0.0,0.5513133,0.2627074
0.3439737,0.495746,0.8601574
0.16670153,0.30855745,0.4873298
0.06701287,0.37031317,0.1502533
0.05481806,0.46859622,0.0
0.50220406,0.45041403,0.7803745
0.36014256,0.24216567,0.6324072
0.22471845,0.12950628,0.49055475
0.09954333,0.020751826,0.40504608
0.69250095,0.46393812,0.6383571
0.58840185,0.2511646,0.48712754
0.4839501,0.12101436,0.32726282
0.37562326,0.0,0.22265416
0.9102078,0.524592,0.4776224
0.843638,0.35766354,0.30068487
0.7531777,0.24690296,0.16852534
0.63759094,0.13357961,0.085813075
0.556328,0.8029816,1.0
0.3075735,0.7954316,0.6765512
0.10108267,0.7016233,0.4515977
0.0102037685,0.5898422,0.24503379
0.024216596,0.4773656,0.055496104
0.11757666,0.46175084,0.73370135
0.013966494,0.29856965,0.42808548
0.0,0.31344137,0.14854296
0.036178805,0.37396756,0.0
0.28430876,0.40955666,0.7677183
0.21951632,0.2240727,0.656007
0.18427016,0.114162534,0.54583347
0.15163046,0.014932391,0.47156495
0.4645562,0.40947124,0.7469684
0.43451047,0.23191948,0.632164
0.42868012,0.11317142,0.5159856
0.41091654,0.0,0.43740812
0.65986425,0.44393668,0.6952869
0.6462716,0.30738312,0.6002974
0.6509684,0.21099441,0.5462285
0.6393384,0.11214075,0.51963115
0.4779776,0.94363135,1.0
0.21882427,0.9039289,0.6170322
0.049462624,0.7615089,0.3862929
0.037387755,0.59871453,0.1841322
0.09135132,0.45720515,0.0
0.043581765,0.5244161,0.76469743
0.0,0.33841497,0.4639331
0.050419882,0.32815024,0.17713533
0.12805976,0.38034266,0.035613537
0.2560939,0.47662944,0.8404607
0.26907048,0.26173824,0.7662559
0.30497372,0.12282994,0.6624335
0.34034994,0.0,0.590055
0.4604132,0.48500276,0.85312986
0.49590835,0.29038092,0.76930344
0.54112774,0.15888402,0.6829504
0.57229716,0.03380048,0.62034076
0.67485046,0.5325599,0.8213515
0.7067617,0.38732833,0.7496949
0.74319345,0.28124705,0.71854585
0.7724957,0.16861318,0.717682
0.5491626,1.0,0.6517375
0.21735303,0.91949654,0.43378392
0.04365543,0.7465652,0.2988772
0.0,0.57333183,0.14976023
0.010681432,0.41121653,0.0
0.11380457,0.53819805,0.70828253
0.0635718,0.34486598,0.5115001
0.05297083,0.3113506,0.27293536
0.08190648,0.336309,0.1342083
0.30947298,0.5044514,0.70849746
0.31021118,0.27232635,0.72779226
0.31407496,0.12358951,0.6597594
0.32285136,0.0,0.6003657
0.50284517,0.5162579,0.6437951
0.5232129,0.29960412,0.6392874
0.5361787,0.14907339,0.5506619
0.543387,0.016088761,0.4666664
0.7105182,0.5617121,0.5479739
0.7359759,0.39670542,0.52791566
0.7542259,0.27439433,0.5000314
0.76059455,0.15535913,0.48106945
0.693457,1.0,0.7126268
0.33937985,0.9205319,0.50820905
0.0895002,0.7662271,0.3409906
0.0,0.59860104,0.1702272
0.029739553,0.45442915,0.012507777
0.2353893,0.5191812,0.6349959
0.161349,0.33478823,0.4061211
0.11490041,0.3091869,0.1551891
0.10359715,0.3308617,0.0
0.4258998,0.47763386,0.61518985
0.39950845,0.24958064,0.5658279
0.3573879,0.11505034,0.4445546
0.32047203,0.0,0.34581628
0.61063355,0.48973432,0.54439926
0.61811334,0.27268386,0.49038962
0.6169784,0.13362098,0.34716007
0.60412645,0.0075484035,0.21404102
0.8061821,0.5427378,0.4532394
0.8445779,0.38307396,0.39172617
0.8580498,0.27255464,0.32331026
0.84503543,0.16534261,0.26226673
0.62268025,1.0,0.8150364
0.3181825,0.9495296,0.5705119
0.08344881,0.7982327,0.38755965
0.015277539,0.6426176,0.19203122
0.1138508,0.5328013,0.01292769
0.119385116,0.5422533,0.71669877
0.035506975,0.34383717,0.44605082
0.0,0.37627557,0.1566208
0.025469823,0.4610339,0.0
0.29713953,0.49450356,0.7120796
0.26752058,0.26408175,0.6770917
0.23796543,0.121262096,0.57068443
0.23434621,0.0,0.5001311
0.48346668,0.5030609,0.64714503
0.46990046,0.28995618,0.5884979
0.46266627,0.14953263,0.50258005
0.45749655,0.021796156,0.43883488
0.6918499,0.55468,0.5531919
0.7067444,0.3977998,0.476064
0.7209145,0.28353122,0.44016737
0.72676015,0.16984576,0.43411443
0.69443864,1.0,0.99444854
0.37591767,0.9859043,0.65065587
0.14419176,0.8476582,0.4219004
0.06015007,0.69180137,0.20137835
0.08924219,0.56282026,0.0
0.14081906,0.57234675,0.830187
0.024547463,0.36760032,0.48794484
0.0,0.38591784,0.17643096
0.042088736,0.47175357,0.031442225
0.33418885,0.5090982,0.8563874
0.28596064,0.27902797,0.778906
0.24640225,0.13364246,0.6829251
0.21446839,0.0,0.61843467
0.54427195,0.5145334,0.8145311
0.51692677,0.29384628,0.7268151
0.50095135,0.15559785,0.6421306
0.47200987,0.019758478,0.59418494
0.78255653,0.5707806,0.7244906
0.8107012,0.41657558,0.6199919
0.83494514,0.2991281,0.56516385
0.84251034,0.17435509,0.54781467
0.51590604,0.7418599,1.0
0.28878403,0.72254187,0.71228606
0.08517687,0.64069647,0.4822867
0.0,0.54199666,0.27827945
0.05373209,0.45583355,0.10693273
0.12997904,0.41535074,0.64852446
0.052473485,0.2620609,0.34689444
0.030140515,0.2797623,0.11648473
0.04472425,0.33410138,0.0
0.29963258,0.38082442,0.653272
0.2751503,0.21020901,0.49689144
0.25217792,0.103653155,0.36919343
0.23420277,0.0,0.28215867
0.4740607,0.39561644,0.62293226
0.46904546,0.24271877,0.4759501
0.47832426,0.133596,0.35640496
0.4784728,0.028877264,0.2797895
0.6611155,0.443635,0.5689825
0.6852075,0.33333835,0.4414834
0.7160404,0.25142032,0.36874396
0.73396426,0.1627982,0.32591844
0.4312486,0.8864109,1.0
0.16721956,0.8476263,0.6362441
0.0,0.71095717,0.39413735
0.01661585,0.5666005,0.18098421
0.14241593,0.46204716,0.0
0.059599627,0.46769825,0.7413046
0.033688385,0.29198527,0.46041518
0.047763046,0.3085837,0.19954902
0.08251734,0.37962592,0.06667623
0.26834762,0.42923844,0.8028025
0.30888242,0.22879528,0.7381899
0.34878254,0.10690331,0.6333183
0.38531268,0.0,0.561704
0.45798767,0.44776574,0.8100496
0.51045215,0.262441,0.7237098
0.5560825,0.14304495,0.62075967
0.5844643,0.030930856,0.5530407
0.6479442,0.5051434,0.7769667
0.7063341,0.37196016,0.69021195
0.7646121,0.27696508,0.64434206
0.8109692,0.17726792,0.62579834
0.55511516,1.0,0.43458778
0.24172395,0.9259504,0.324763
0.051489934,0.75160515,0.23229125
0.0,0.5797932,0.11302649
0.044436645,0.44139907,0.0
0.17689957,0.532658,0.56855005
0.119895354,0.3483073,0.3951429
0.08712037,0.3528232,0.16825429
0.09624036,0.40463594,0.028792812
0.33886555,0.4934749,0.52328557
0.31402063,0.26528057,0.57935774
0.28450233,0.12237386,0.51096386
0.27023897,0.0,0.45915547
0.506883,0.5034964,0.42608866
0.5028434,0.28496873,0.45074072
0.49049014,0.14353658,0.37179765
0.4822307,0.019452332,0.29922652
0.6942484,0.5527079,0.31019586
0.7301552,0.39187333,0.29966897
0.74830157,0.2768216,0.2845731
0.7573191,0.16683398,0.29321083
0.68624985,1.0,0.72349334
0.34762233,0.93255144,0.58130354
0.10955746,0.79284656,0.4122591
0.0,0.6490728,0.21770589
4.15598E-4,0.52667505,0.02843673
0.17293651,0.5445791,0.6064753
0.09175763,0.3467476,0.3433255
0.07083683,0.3612011,0.12074778
0.094542146,0.42341897,0.006887718
0.34629723,0.5114863,0.52854925
0.29413554,0.27057192,0.42292374
0.2526202,0.1289701,0.3115742
0.22171754,0.0,0.24454871
0.53000784,0.5322211,0.4131165
0.519993,0.305765,0.28840107
0.50666755,0.157776,0.13848086
0.48750287,0.020035464,0.03687184
0.7321847,0.5977503,0.28214508
0.80835897,0.44318965,0.15304244
0.8590738,0.32602492,0.058686007
0.8874568,0.20133896,0.0
0.55979687,0.9115362,1.0
0.2802015,0.8682985,0.66726655
0.054987438,0.7563783,0.41947907
0.0,0.61807275,0.18996432
0.079553284,0.5069811,0.0
0.10313023,0.4904405,0.72985184
0.02738342,0.31292742,0.44290212
0.03293199,0.34033316,0.18283354
0.07242548,0.41842186,0.04116086
0.30637446,0.43911052,0.76978105
0.2865874,0.22668344,0.6759722
0.2868383,0.10398215,0.5616247
0.2876651,0.0,0.4848511
0.5067085,0.44628718,0.7581969
0.52394754,0.24830711,0.65070724
0.54800665,0.12303189,0.53451055
0.5534224,0.010498655,0.4664478
0.711539,0.49349755,0.7127209
0.77454036,0.35899284,0.6178708
0.8443254,0.2602638,0.56384623
0.8941219,0.15809521,0.53936285
0.632248,1.0,0.7248611
0.27071416,0.8942183,0.54810405
0.07260179,0.7417345,0.36868787
0.0052143405,0.58003026,0.18370947
0.0,0.43681577,0.0
0.12088636,0.5109261,0.66574544
0.03613569,0.31503257,0.4294151
0.02476371,0.32567272,0.18503983
0.06342033,0.38575292,0.048033454
0.30432603,0.46758944,0.63796896
0.26110628,0.23178531,0.5885414
0.2368666,0.097164415,0.49986073
0.23070778,0.0,0.44135502
0.4900144,0.4747507,0.5513995
0.46423212,0.25203267,0.49509835
0.441011,0.11805787,0.39422432
0.42141092,0.008145037,0.30317932
0.69255245,0.5237591,0.4393306
0.6714892,0.3608056,0.3914035
0.6433151,0.25236887,0.34322873
0.5899017,0.14958505,0.29343835
0.69018424,1.0,0.74427485
0.36142242,0.95014906,0.54670596
0.13682704,0.7952351,0.39947528
0.03825215,0.6351809,0.22925676
0.0,0.497282,0.07071048
0.19730666,0.5449284,0.6982643
0.10416514,0.34721145,0.4251404
0.08615908,0.36810306,0.15077761
0.12312594,0.43789446,0.0
0.37993878,0.4991071,0.66917425
0.3337268,0.26288202,0.6122896
0.30699003,0.12502703,0.50631255
0.2946582,0.0,0.4361428
0.56800175,0.5080327,0.5824015
0.5614778,0.2889721,0.49863783
0.56281024,0.148337,0.39267895
0.55628407,0.016589649,0.31874856
0.77638286,0.5609317,0.47058117
0.82687765,0.4059868,0.3805175
0.8613921,0.28959605,0.32500598
0.8783914,0.167497,0.30643535
0.74027705,0.86482143,1.0
0.40227306,0.8364374,0.7414774
0.14452572,0.7262614,0.5199846
0.017954865,0.60714334,0.29809564
0.0,0.48763302,0.09365142
0.19402698,0.4669888,0.69971013
0.09504011,0.28805664,0.3903254
0.06896233,0.30249363,0.13776423
0.09657575,0.36441973,0.0
0.3856648,0.42999414,0.66126096
0.33325467,0.22852904,0.51296574
0.30007234,0.11028275,0.40663254
0.27567604,0.0,0.3386689
0.58146065,0.4494754,0.5751752
0.57382315,0.26728237,0.4182532
0.5771214,0.14331573,0.27948242
0.57279235,0.025894005,0.1934473
0.7975802,0.5118461,0.46505874
0.8554357,0.3870846,0.3145571
0.8974932,0.29182217,0.20253374
0.91686517,0.19056104,0.12900093
0.82558805,1.0,0.762496
0.4712741,0.9862538,0.6462867
0.1913505,0.8295273,0.5420198
0.06015666,0.6679095,0.4083232
1.9513868E-4,0.5166318,0.27248397
0.194383,0.60289,0.7350904
0.050875764,0.40071693,0.43531242
0.0,0.4006063,0.15205076
0.034013793,0.44498432,0.0
0.34322757,0.5564632,0.64498866
0.22295415,0.31913975,0.531105
0.113138676,0.15563044,0.4048303
0.027539413,0.0,0.33289215
0.52451664,0.5608266,0.5016475
0.4339571,0.32698953,0.38422176
0.3563072,0.16544902,0.24206442
0.28398696,0.011979278,0.1448594
0.7479412,0.60724944,0.3386184
0.683452,0.44827208,0.21535605
0.6161341,0.32724336,0.12016342
0.5384391,0.20361963,0.06539818
0.7569861,1.0,0.76466566
0.41326383,0.97973406,0.52407706
0.13424812,0.8287636,0.36872146
0.0,0.66298455,0.20552754
0.009695259,0.51188034,0.06419121
0.19683331,0.57435423,0.7316174
0.07232936,0.3724143,0.4503157
0.036161445,0.38453978,0.15940636
0.07187147,0.4506847,0.0
0.37355068,0.5159761,0.72844094
0.28574556,0.28052807,0.6981593
0.22291124,0.13172841,0.598876
0.18285653,0.0014208134,0.52247643
0.5668822,0.51292306,0.66453713
0.5080771,0.286703,0.612264
0.4707855,0.13659304,0.5181851
0.4340153,0.0,0.43250754
0.7858359,0.5511938,0.56882435
0.755103,0.3795155,0.513989
0.7399186,0.2610924,0.4732945
0.71321213,0.14391486,0.45486233
0.61499554,1.0,0.79170275
0.31138614,0.93618613,0.5160313
0.08133787,0.786336,0.32865277
0.0,0.6242125,0.14800322
0.097020775,0.5061477,0.0
0.1615979,0.5412644,0.67055655
0.06671932,0.33758393,0.40843573
0.049205333,0.35661685,0.15601397
0.0788052,0.4331329,0.016278535
0.35150057,0.49295342,0.69212914
0.321138,0.2612517,0.65721095
0.30184487,0.12013301,0.57252204
0.29730615,0.0,0.50157934
0.53986764,0.50026524,0.6567672
0.53696704,0.28578612,0.60217214
0.53701806,0.14748076,0.53441316
0.52870226,0.024751585,0.4796095
0.7397025,0.54934233,0.5826514
0.7737022,0.39214522,0.5170494
0.8013614,0.280897,0.4834418
0.8121071,0.1722941,0.4767899
0.5014807,0.9576939,1.0
0.20990343,0.90649796,0.61454016
0.0056295916,0.768195,0.37505114
0.01831944,0.624803,0.16174342
0.15217115,0.5200483,0.0
0.052189842,0.5056751,0.7829823
0.0,0.31274563,0.4806642
0.047221437,0.35093555,0.19376299
0.10896198,0.44165623,0.04763441
0.2676262,0.45743456,0.86317223
0.2861685,0.24257796,0.81528085
0.329518,0.11126502,0.6994525
0.35209894,0.0,0.6171083
0.4695365,0.46537346,0.87393194
0.5030852,0.2725157,0.80236846
0.5505592,0.14450449,0.7155758
0.566218,0.03112382,0.654488
0.675902,0.512377,0.84189725
0.71736294,0.3702584,0.7669349
0.76903117,0.26492268,0.7330944
0.79370695,0.15875825,0.7311072
0.64030945,0.87806994,1.0
0.34816903,0.8600243,0.6623094
0.10721696,0.753299,0.42787775
0.0,0.62727576,0.21574786
0.03606297,0.5159522,0.045631185
0.14735909,0.49758136,0.7377765
0.04400834,0.30925256,0.41769585
0.039714042,0.33909073,0.13995849
0.08529187,0.41546842,0.0
0.34497055,0.45050788,0.7725292
0.30167738,0.24087986,0.6544319
0.28001887,0.117199235,0.5281619
0.26270914,0.0,0.43795356
0.54387224,0.45570678,0.749472
0.51865536,0.26382098,0.6304966
0.52447957,0.13831316,0.5247462
0.51591235,0.016849076,0.4521552
0.7540054,0.49445975,0.693919
0.77181584,0.35410273,0.59613794
0.7950664,0.25733423,0.5558288
0.80332357,0.15464932,0.5346214
0.6996116,1.0,0.80900055
0.37300342,0.96774745,0.5345957
0.11542555,0.82185185,0.3524478
0.0,0.65955967,0.170241
4.8657728E-4,0.52380437,0.0
0.15417466,0.566228,0.7024866
0.045473043,0.36665833,0.44380558
0.033892017,0.35788637,0.18896088
0.071853034,0.4048515,0.054207124
0.34921148,0.5071477,0.71343845
0.28300756,0.26729003,0.67040807
0.24381645,0.12340718,0.5780652
0.21619052,0.0,0.5201176
0.55421495,0.5062415,0.66951436
0.52310354,0.27796945,0.5942814
0.49819326,0.13587818,0.49370927
0.46697593,0.007749961,0.4247746
0.7795748,0.54884845,0.5946331
0.79759395,0.37812188,0.5061803
0.80988675,0.25948033,0.45133176
0.8050553,0.13986813,0.43304205
1.0,0.86929125,0.97620237
0.6706034,0.8908532,0.72618043
0.34864014,0.81697845,0.5139643
0.15547627,0.69309676,0.2983551
0.09783008,0.5630959,0.11059919
0.2643679,0.5721281,0.7285964
0.05594661,0.4218712,0.42044392
0.021202374,0.40757194,0.15139946
0.06160336,0.43645653,0.0
0.41447523,0.48529658,0.70769393
0.21882191,0.28546038,0.56627375
0.097480126,0.157714,0.4239906
0.0,0.04492633,0.32547987
0.6109384,0.45443228,0.63961
0.45191202,0.25314045,0.5009871
0.3532136,0.12054396,0.35422865
0.24987037,0.0,0.24266899
0.8570423,0.46151486,0.5551092
0.7641713,0.3076296,0.42256328
0.7036667,0.2001665,0.33359754
0.62670165,0.09381918,0.2792421
0.6937787,0.9892118,1.0
0.37198943,0.9675806,0.6359432
0.11070443,0.8454657,0.39662132
0.0,0.6967365,0.18425299
0.022907972,0.5666314,0.0044485084
0.15348946,0.5670705,0.74979264
0.04602817,0.36782753,0.4350562
0.04212428,0.38931125,0.14555392
0.09559245,0.45806056,0.0
0.35383126,0.5124371,0.80007124
0.31781396,0.27207023,0.7182074
0.30313683,0.13084775,0.6120844
0.29050684,0.0,0.53280836
0.55085325,0.5129451,0.7920865
0.5239479,0.2971373,0.7026192
0.5218728,0.15480955,0.59973705
0.5135565,0.021049354,0.52746844
0.7588319,0.54840374,0.74244255
0.7654617,0.38882872,0.67308307
0.7818465,0.28064993,0.6371193
0.7857065,0.17050548,0.6226617
0.51558405,1.0,0.80361736
0.20912933,0.92708397,0.58739763
0.033685047,0.75485563,0.41294646
0.0,0.5886125,0.2230105
0.024431918,0.44500613,0.051154766
0.16268149,0.5295936,0.71996194
0.14534186,0.33283636,0.42163107
0.13847387,0.33347598,0.14422075
0.16834433,0.39314276,0.0
0.3534736,0.5001536,0.6977194
0.38100973,0.26995417,0.6260875
0.40939346,0.12341032,0.5194129
0.45249367,0.0,0.45018396
0.52941597,0.51860505,0.6164715
0.54842323,0.30035648,0.555756
0.57822263,0.15753198,0.470998
0.6018752,0.03144375,0.39944717
0.72122943,0.5776558,0.5112177
0.7259056,0.4103402,0.45026276
0.734048,0.2953526,0.40612394
0.73487467,0.18350339,0.38122413
0.68875206,1.0,0.89284396
0.35032788,0.9668187,0.62699854
0.1069938,0.8173837,0.43153024
0.009825081,0.65325296,0.23288962
0.0,0.5056664,0.05408633
0.1382189,0.5652266,0.75223345
0.060664877,0.36258417,0.44991603
0.061471097,0.35298657,0.16019425
0.11211983,0.40346724,0.0
0.3289014,0.51380193,0.7541644
0.27938864,0.27699488,0.67822415
0.26251882,0.12779197,0.55830514
0.26034614,0.0,0.47181553
0.5179805,0.51303715,0.69894224
0.46721277,0.2913154,0.6293925
0.45336157,0.1461183,0.52539855
0.4340966,0.017817913,0.43770573
0.73358536,0.55310744,0.614579
0.6797008,0.38609603,0.5500465
0.65513057,0.27148566,0.49911684
0.6204784,0.16109729,0.4727331
0.7682822,0.96973956,0.8840069
0.43393323,0.9212902,0.6132956
0.17377363,0.8005326,0.39830014
0.06657094,0.6517976,0.18714343
0.032172896,0.52015215,0.0
0.17017461,0.5474488,0.64656705
0.007148751,0.37401932,0.39069265
0.0,0.37893873,0.21946397
0.055824123,0.4342348,0.15498514
0.3663591,0.480724,0.6612687
0.28075153,0.24979903,0.5590029
0.25631878,0.11766137,0.47843805
0.24567322,0.0,0.4314732
0.5727131,0.4778456,0.6333732
0.5443313,0.26798397,0.516166
0.5356227,0.13306582,0.39602184
0.5109842,0.003584302,0.32390055
0.7878974,0.52163893,0.5797254
0.88110876,0.3793482,0.46587008
0.9531967,0.281934,0.38780725
1.0,0.1808792,0.3330141
0.77266467,1.0,0.65254563
0.42905718,0.97432226,0.46339452
0.14844884,0.831206,0.3134274
0.0,0.66564745,0.1431837
0.02800659,0.5080508,0.0
0.18790482,0.58746517,0.7302011
0.08614691,0.3937497,0.46239173
0.099206604,0.42779076,0.16435307
0.17255902,0.506839,0.009251456
0.34934223,0.5172409,0.72732
0.27264187,0.28529733,0.7865383
0.22648573,0.13413036,0.73946476
0.20101966,0.0,0.6990069
0.5331596,0.4965675,0.6521839
0.44615254,0.27330792,0.6992552
0.40052077,0.1305448,0.6708407
0.36058804,0.0035985352,0.6307241
0.74560434,0.5123209,0.53782195
0.66731495,0.33501643,0.5664009
0.6184391,0.2183268,0.59376216
0.5643774,0.10468308,0.6239073
0.8594885,1.0,0.71744096
0.5117793,0.98640424,0.5623689
0.23727243,0.8299571,0.44133607
0.09730133,0.66416484,0.29266044
0.0,0.5100165,0.14546266
0.2186917,0.59488124,0.7572185
0.09659567,0.40882704,0.46981817
0.11574041,0.42013767,0.16855629
0.1999331,0.47557482,0.0
0.37935644,0.5303174,0.7245288
0.27449086,0.29662007,0.69761896
0.21868853,0.14550225,0.6055467
0.188008,0.00884771,0.5474838
0.5584687,0.5143114,0.62699133
0.45583975,0.2861483,0.6011086
0.40721437,0.1375738,0.5095091
0.3639999,0.0,0.4275628
0.7762242,0.53533655,0.5078071
0.68694514,0.37042946,0.47193167
0.62757546,0.25416368,0.44340953
0.5638405,0.13630903,0.4281717
0.5697595,1.0,0.82326496
0.27618724,0.9569225,0.55343443
0.0733135,0.80385196,0.37126198
0.0,0.63800365,0.18489115
0.0018151422,0.48595485,0.015625117
0.09032423,0.5689366,0.7665238
0.0356586,0.36774603,0.47159886
0.052260153,0.38150862,0.16747113
0.11175644,0.45079786,0.0
0.26867694,0.5147076,0.79481786
0.23716362,0.2801988,0.769918
0.23429453,0.13358712,0.6845617
0.24257696,0.0,0.61626977
0.44492048,0.50942886,0.7572166
0.40742943,0.29162544,0.7407265
0.39897373,0.14897592,0.665575
0.38800168,0.01791164,0.59551865
0.65239465,0.54167074,0.6798008
0.6072738,0.3798954,0.6598179
0.59218985,0.26831716,0.6514149
0.57057303,0.15289046,0.6541833
0.5490051,0.878648,1.0
0.2954068,0.85635626,0.6715227
0.09216148,0.7371855,0.44722486
0.07910836,0.5981634,0.24810526
0.20043479,0.4936032,0.07774479
0.064133026,0.5060197,0.7649918
0.0,0.32137665,0.43433785
0.06299901,0.35188743,0.13934615
0.14822105,0.429965,0.0
0.23416609,0.45380723,0.81536514
0.18788165,0.24592377,0.73701733
0.18665516,0.111186214,0.6317489
0.18694717,0.0,0.57663053
0.40649217,0.44734216,0.8099586
0.35471717,0.25468424,0.743627
0.35431516,0.12655942,0.68402165
0.34527776,0.020012112,0.6457747
0.60526806,0.4727946,0.7614566
0.5449926,0.3275872,0.70274186
0.5272686,0.22452861,0.69585073
0.50608975,0.12600186,0.7118298
0.78557336,1.0,0.93804145
0.4584694,0.98943716,0.7222089
0.1521031,0.87110525,0.49416733
0.016462037,0.7340446,0.25389057
0.13556246,0.6417696,0.047477856
0.1560987,0.5756269,0.75598377
0.0,0.38726243,0.4243096
0.010386429,0.4352209,0.14126813
0.086869836,0.5208313,0.0
0.32783902,0.5231278,0.68976486
0.19779155,0.29451022,0.55045223
0.1102861,0.14330085,0.40189293
0.050810963,0.0,0.30316705
0.5265068,0.53163695,0.5741619
0.44341052,0.311065,0.44436118
0.395948,0.16191447,0.32396355
0.3594763,0.022161327,0.24058945
0.75915444,0.5849962,0.43709168
0.75198257,0.42720744,0.31824213
0.7543981,0.3059416,0.25405633
0.7533741,0.18001467,0.21303643
0.5927446,0.9277126,1.0
0.32822475,0.89987856,0.64992476
0.081899926,0.77966434,0.39771646
0.068599015,0.6475228,0.17474446
0.2190943,0.5466275,0.0
0.081557706,0.5127518,0.7012802
0.0,0.33033442,0.39393473
0.05092651,0.38627002,0.17113264
0.1236222,0.48038426,0.07348318
0.28814897,0.45787483,0.74088806
0.24826619,0.24321625,0.6504699
0.2404369,0.11475524,0.5539678
0.22714615,0.0,0.5004943
0.4981406,0.46206823,0.7334928
0.4778099,0.26995042,0.6381921
0.48807243,0.14173438,0.5377853
0.48416,0.024908299,0.4695871
0.7213346,0.50716585,0.6856472
0.79813814,0.37262642,0.5916365
0.8699627,0.28168058,0.55302113
0.921892,0.18827446,0.5327533
0.74569243,0.9853608,1.0
0.41583714,0.9753694,0.6688206
0.15320908,0.86942893,0.42294124
0.0418212,0.7239626,0.19723599
0.091414124,0.5868423,7.120855E-4
0.12985586,0.57999027,0.8091554
0.0,0.39020175,0.4856639
0.012104053,0.39162138,0.17636958
0.07692291,0.44971105,0.0
0.31743494,0.50936306,0.8295122
0.21814983,0.28279334,0.7433442
0.16475494,0.14279756,0.6343048
0.1162079,0.020281665,0.554706
0.52470195,0.500299,0.788103
0.45557338,0.28014654,0.7032821
0.41778317,0.13459419,0.5767942
0.36636192,0.0,0.4816095
0.7675868,0.53290766,0.70458645
0.72996664,0.3649732,0.6292762
0.7138899,0.24455325,0.579211
0.676076,0.12728472,0.55147797
0.83156186,1.0,0.85501224
0.47872347,0.98653513,0.5631059
0.18655339,0.8624067,0.37467638
0.03121475,0.70549566,0.18471691
0.0,0.5467246,0.0
0.19235422,0.59508955,0.79064316
0.04913761,0.4013908,0.5188906
0.0019277204,0.39146152,0.22391012
0.019917827,0.43732995,0.055258747
0.3667943,0.5229074,0.8119
0.25445855,0.28367344,0.7901295
0.16926828,0.13724096,0.6915226
0.0985259,0.01681345,0.6116222
0.56367975,0.5069526,0.7682352
0.4727504,0.28219962,0.7301754
0.41370425,0.13159995,0.6315124
0.34743908,0.0,0.5516534
0.79225564,0.5301099,0.6896266
0.7366743,0.35935482,0.6361831
0.70578355,0.2414532,0.60667086
0.65372896,0.13122372,0.6022266
0.45807582,0.81596255,1.0
0.21747282,0.77404064,0.6410901
0.04525181,0.6816308,0.3914068
0.0037200719,0.5772302,0.17908973
0.03797832,0.48002952,0.0
0.04261754,0.43373096,0.6833807
0.0,0.27482495,0.42443243
0.026701031,0.3022939,0.18437867
0.074586004,0.36673662,0.050625976
0.2194341,0.3935707,0.7634811
0.22266583,0.20227954,0.68691367
0.23508129,0.096908554,0.59144974
0.23777917,0.0,0.5194096
0.38806254,0.40095156,0.7942314
0.41968423,0.23303561,0.6986806
0.45413008,0.12752485,0.5830849
0.46448907,0.02347788,0.49897286
0.56021404,0.44161928,0.7892536
0.62124646,0.32323417,0.7024922
0.66953766,0.24289757,0.63506556
0.6955814,0.1564432,0.5869815
0.5019839,1.0,0.9981881
0.22743782,0.9488131,0.66161823
0.055203166,0.80496085,0.4304652
0.0052237017,0.6475403,0.20841487
0.034737814,0.5123645,0.0
0.0686273,0.5546224,0.78149855
0.0,0.36179575,0.48893303
0.010671734,0.35790348,0.19267562
0.05979121,0.41856384,0.024344904
0.26417595,0.50367916,0.8271014
0.24492007,0.27496216,0.7726727
0.25668174,0.12930147,0.6867174
0.27097094,0.0,0.6185728
0.4536314,0.50993776,0.8081798
0.45932892,0.29203287,0.7332897
0.47901994,0.14854148,0.6496726
0.4793786,0.016468834,0.58738184
0.6620663,0.55909413,0.7476628
0.68097806,0.396429,0.67770636
0.7051792,0.27692124,0.6383067
0.7096991,0.1536725,0.62261677
0.67353106,1.0,0.72658217
0.34395307,0.96543205,0.49861637
0.099851176,0.82428485,0.3310031
0.0,0.6628911,0.15700439
0.03860533,0.53066415,0.0
0.16958375,0.559896,0.69848263
0.0889914,0.3658072,0.473089
0.0714786,0.36413828,0.21410604
0.10968872,0.42023617,0.061574176
0.34596077,0.5057095,0.6927363
0.30128536,0.27322084,0.70155656
0.27613288,0.1260784,0.6335536
0.26439163,0.0,0.57120013
0.53312385,0.5049962,0.62744075
0.5018702,0.28523242,0.6250418
0.4930315,0.13993429,0.5675781
0.47860566,0.011059382,0.5104545
0.74790645,0.545795,0.5300039
0.72796196,0.3780304,0.51904494
0.72504807,0.26037562,0.5113971
0.7103321,0.14609385,0.51773214
